ticker,buy_date,buy_price,sell_date,sell_price,days_held,pnl,trade_cagr,return_zscore,status
ADANIPORTS,2016-11-04,275.0634504688995,2017-02-03,290.21727629417603,91,2924.6883842783755,0.2401705784262269,0.030828951209116474,closed
BAJAJFINSV,2016-11-04,318.5789900337562,2017-02-03,340.82779646696423,91,3715.550674345739,0.3112159412910085,0.08050498700300657,closed
MARUTI,2016-11-04,5244.906793745715,2017-02-03,5622.402911875374,91,3774.961181296594,0.32175626506784494,0.08770160839122663,closed
ICICIBANK,2016-11-04,259.7864168124126,2017-02-03,271.10031747047725,91,2319.349634903254,0.1866117729516068,-0.008052485557521307,closed
EICHERMOT,2016-11-04,2318.1496400056903,2017-02-03,2265.4651914963206,91,-1211.7423157155044,-0.0881433631862194,-0.23133460265349712,closed
KOTAKBANK,2016-11-04,158.29310274682803,2017-02-03,151.49341778546548,91,-2284.694147017815,-0.16157318289474742,-0.2994849987472022,closed
ULTRACEMCO,2016-11-04,3753.652905163228,2017-02-03,3639.666817928828,91,-1595.8052212815965,-0.1164195292266691,-0.2570721184589556,closed
TMPV,2016-11-04,300.50497088324516,2017-02-03,306.55417233912084,91,1070.7086576899944,0.08328113323296038,-0.0869540235087555,closed
DRREDDY,2016-11-04,608.2012256717068,2017-05-10,514.0294704807617,187,-8192.94270161222,-0.280053865260931,-0.6763967594583182,closed
BAJAJ-AUTO,2016-11-04,2402.678871711369,2017-05-10,2479.9422899290007,187,1699.7952007878957,0.06377187169164156,-0.04643616832254848,closed
ONGC,2016-11-04,109.98954382425009,2017-05-10,116.37630279401479,187,3091.1913413661146,0.116552900325823,0.040850900182663,closed
PNB,2016-11-04,122.87600413958637,2017-05-10,160.6768257700706,187,16405.55658763015,0.6885805068058348,0.881613524324349,closed
UNIONBANK,2016-11-04,125.845529115633,2017-05-10,166.00899585466482,187,16989.14643061046,0.7177459808498923,0.9204064502727631,closed
SBIN,2016-11-04,218.119591480476,2017-05-10,264.4649524868279,187,11308.268085549858,0.4569065644164101,0.5610402485940216,closed
BANKBARODA,2017-02-03,174.5914865963774,2017-05-10,173.7487280126459,96,-267.9972296266154,-0.018241388660994784,-0.17103183961315183,closed
IOC,2017-02-03,69.40177518170621,2017-05-10,27.626035948964553,96,-33462.36712542607,-0.9699442803259406,-2.182639390843568,closed
HINDZINC,2017-02-03,144.94830319565725,2017-05-10,125.27425591113821,96,-7535.16010997079,-0.4259257250884255,-0.6120340700454274,closed
IDBI,2017-02-03,81.99952462033345,2017-05-10,75.11406835450391,96,-4668.339348232423,-0.2837258723883661,-0.43765372448568984,closed
TATASTEEL,2017-02-03,43.253757544922316,2017-05-10,40.01978899751748,96,-4158.883551962618,-0.255961475703983,-0.4066528186060231,closed
YESBANK,2017-02-03,279.56,2017-05-10,319.68000000000006,96,7983.880000000012,0.6656611412656885,0.32870294522244486,closed
POWERGRID,2017-02-03,79.72768156755107,2017-05-10,83.62122941775542,96,2713.8028515924266,0.19890628188419401,0.009751423574517224,closed
BHARTIARTL,2017-02-03,338.0769719601585,2017-05-10,356.18482560245644,96,2969.6879973368596,0.21958913703059935,0.025671941326634095,closed
NTPC,2017-02-03,102.03622678859278,2017-08-08,103.13708133032165,186,599.9657252422311,0.02129631387415243,-0.11842367348805506,closed
IOB,2017-02-03,28.2,2017-08-08,24.2,186,-7888.0,-0.25946870389930055,-0.6326263711170066,closed
ITC,2017-02-03,193.56423728346903,2017-08-08,197.2797339533598,186,1066.3475442586505,0.03804228241281793,-0.09010379855151116,closed
SAMMAANCAP,2016-11-04,543.4322164293287,2017-08-08,849.363498760656,277,29981.265668470067,0.8019327228740378,1.74178249818185,closed
RBLBANK,2017-05-10,547.6342024984301,2017-08-08,498.7617845692616,90,-4887.241792916853,-0.3157067710656736,-0.45541904101976677,closed
CENTRALBK,2017-05-10,113.20188421495955,2017-08-08,82.79303409165624,90,-14809.110010048711,-0.7190458751999389,-1.0597370971410287,closed
GRASIM,2017-05-10,1148.6525704890885,2017-08-08,1091.7344697781543,90,-2732.0688341248388,-0.18637212027879424,-0.32170538729773085,closed
SHREECEM,2017-05-10,18916.593610461372,2017-08-08,17176.27667921274,90,-3480.633862497263,-0.3240736216810136,-0.46470595981630525,closed
KOTAKBANK,2017-05-10,183.6310845533609,2017-08-08,195.51816117431633,90,3566.122986286632,0.28988998915921016,0.06330958758082195,closed
ASIANPAINT,2017-05-10,1080.910663395226,2017-11-09,1118.2243951519606,183,1903.000319593463,0.07008411271502779,-0.03847398541849523,closed
ULTRACEMCO,2017-05-10,4253.224564721085,2017-11-09,4249.134504350435,183,-49.08072444779464,-0.0019184148544576507,-0.1580097661575613,closed
BAJAJFINSV,2017-05-10,437.6462307328616,2017-11-09,498.9662334130538,183,7726.320337704217,0.29915968424126604,0.3172552750012836,closed
BAJFINANCE,2017-05-10,129.10588758116623,2017-11-09,170.55208811588878,183,17697.52762832653,0.7431166434741352,0.9267262522588248,closed
EICHERMOT,2017-05-10,2699.786155819036,2017-11-09,2988.855557955581,183,5781.388042730896,0.22509586923745273,0.20594068382874428,closed
HDFCBANK,2017-05-10,353.82155942085967,2017-11-09,419.53221721141784,183,10185.151957536516,0.4049434669211105,0.4708891932587669,closed
LT,2017-05-10,712.3703272432249,2017-11-09,1120.5317993467493,183,31428.433351971376,1.4696221193443555,1.7754755052562328,closed
HINDUNILVR,2017-05-10,915.9129171889539,2017-11-09,1159.2456015585665,183,14599.961062176755,0.6003802977179833,0.7402497027146199,closed
ADANIPORTS,2017-08-08,396.58088027285197,2017-11-09,414.3639187807474,93,2631.889699168521,0.1880041676944677,-0.0037062552640905193,closed
HEROMOTOCO,2017-08-08,3145.4048888844327,2017-11-09,2891.7004239239454,93,-4566.680369288771,-0.2812831175449736,-0.4265003400661889,closed
WIPRO,2017-08-08,97.26361384190723,2018-02-08,98.39603143818054,184,682.8478105528081,0.023244047893988373,-0.11554695676585848,closed
INDUSINDBK,2017-08-08,1592.6258724273637,2018-02-08,1623.921483504873,184,1126.6419987903391,0.0393844418860847,-0.08857041256688028,closed
RELIANCE,2017-05-10,326.8007235951304,2018-02-08,438.1947451179151,274,18714.195615827826,0.47845053497390366,0.9935560550449769,closed
TATASTEEL,2017-08-08,56.39547131676684,2018-02-08,61.42710554893843,184,5232.8996014584545,0.18488696643972102,0.14580375135327014,closed
BHARTIARTL,2017-08-08,399.2327837336185,2018-02-08,413.3639414591723,184,2077.2801856564092,0.0714872568260927,-0.035525733685932655,closed
HINDZINC,2017-08-08,140.00517057363757,2018-02-08,142.21078327614347,184,924.1517223499732,0.031514765430321834,-0.10169737108500483,closed
PNB,2017-11-09,179.48390122326214,2018-02-08,148.72989942759656,91,-10456.360610526295,-0.5297055200082001,-0.732018235229231,closed
ONGC,2017-11-09,119.30171301545404,2018-02-08,118.73540741569713,91,-289.948467075541,-0.018916699164644335,-0.1707616686116806,closed
UNIONBANK,2017-11-09,156.56705805987488,2018-02-08,117.57796169332939,91,-15205.747582952743,-0.6831937773380967,-0.9937067709111522,closed
DRREDDY,2017-11-09,468.06433255333707,2018-02-08,430.61089148809066,91,-4868.947338482033,-0.28448241258050877,-0.4243407441929789,closed
IDBI,2017-11-09,59.85050446451817,2018-02-08,59.32085398253129,91,-541.3027925905885,-0.03504893675770271,-0.18458327397270077,closed
DABUR,2017-11-09,329.21823761929215,2018-02-08,321.51805499166346,91,-1424.533786111308,-0.0906213946189296,-0.23356600198490463,closed
GRASIM,2017-11-09,1208.5741349918626,2018-05-15,1072.827419022965,187,-6787.335798444883,-0.20761857210474977,-0.5331625369418806,closed
BAJAJ-AUTO,2017-11-09,2731.966169021207,2018-05-15,2410.6613353614785,187,-7068.706340514027,-0.21681497265602545,-0.550982763711191,closed
AXISBANK,2017-11-09,537.7351494239762,2018-05-15,546.9892887460395,187,1045.7177433931572,0.03388932227285757,-0.09679335078252362,closed
MARUTI,2017-08-08,7130.594599614782,2018-05-15,8103.284870950595,280,7781.522170686505,0.18152766483101979,0.304782469773024,closed
COALINDIA,2017-11-09,139.5268760267064,2018-05-15,137.47440653528673,187,-898.98163724181,-0.02853062014611696,-0.20432714370949523,closed
INFY,2018-02-08,244.6834073985657,2018-05-15,257.69136806554985,96,3121.9105600761986,0.21783312403908717,0.024328025678374592,closed
LT,2018-02-08,1241.7176958958878,2018-05-15,1266.415658082328,96,1160.804222762691,0.07781200994249371,-0.0877624292086116,closed
YESBANK,2018-02-08,335.0,2018-05-15,345.75,96,1881.25,0.12769161402899432,-0.0466640564289238,closed
SUNPHARMA,2018-02-08,546.942878521902,2018-05-15,438.83715120576846,96,-11567.312822826289,-0.5673615922344017,-0.8206457490390432,closed
HCLTECH,2018-02-08,369.315100997083,2018-05-15,362.53576514557835,96,-1077.914400389238,-0.06806270784195212,-0.2166111141110318,closed
SAMMAANCAP,2018-02-08,952.0195441137503,2018-05-15,876.5825866210309,96,-4601.654407055879,-0.26955008348694065,-0.4217169005555934,closed
ICICIBANK,2018-02-08,321.45921146339487,2018-08-10,316.40406436085533,183,-920.0367726621955,-0.031141018867268944,-0.20774796638039253,closed
M&MFIN,2018-02-08,428.62393517913415,2018-08-10,469.27259866673677,183,5568.8668978015585,0.19821923807087782,0.16471912557199514,closed
JSWSTEEL,2018-02-08,298.4909311145011,2018-08-10,333.5209319060451,183,6900.910155934171,0.24791901342190026,0.24059231084147423,closed
DMART,2018-05-15,1485.45,2018-08-10,1589.4,87,4054.050000000002,0.32838838487203215,0.0809805027610196,closed
KOTAKBANK,2018-05-15,254.14193704935306,2018-08-10,254.4685594710779,87,75.77640184016172,0.005406710537131598,-0.15044043589546538,closed
TITAN,2018-05-15,925.1708325202707,2018-08-10,914.3390794864673,87,-682.4004411296112,-0.04824035368226576,-0.19421250693319156,closed
INDUSINDBK,2018-05-15,1863.1093681686966,2018-08-10,1923.9025505568402,87,1884.588654032451,0.14431024126998993,-0.04484348717556513,closed
HDFCLIFE,2018-05-15,494.87994249872673,2018-08-10,454.23432431916694,87,-4836.828563367615,-0.3021845551965968,-0.4314644556022515,closed
POWERGRID,2018-05-15,87.40416712319052,2018-08-10,77.88105702746763,87,-6428.099314612947,-0.38388027401788805,-0.5218267344937635,closed
EICHERMOT,2018-05-15,2981.062115126531,2018-11-16,2396.15672313922,185,-11113.202447758906,-0.3502835293734229,-0.8157694033950824,closed
HDFCBANK,2018-05-15,467.72041044583926,2018-11-16,115.74357640311266,185,-44349.08108938356,-0.9365263932530937,-2.689981340348776,closed
TCS,2017-11-09,1188.037482042356,2018-11-16,1659.0594560341417,372,24022.12067358107,0.3880342482628536,1.1808944813398732,closed
M&M,2018-02-08,738.4501043429632,2018-11-16,753.5685989014339,281,1194.3610701191876,0.026692907644253694,-0.08579796555069967,closed
HINDUNILVR,2018-02-08,1230.166006506658,2018-11-16,1571.759077479222,281,16054.874335710507,0.3750864279342532,0.7807038803656606,closed
ITC,2018-02-08,197.24375369912795,2018-11-16,202.80687866188802,281,1657.8112389025011,0.03681458867997267,-0.059752980001646555,closed
ASIANPAINT,2018-05-15,1229.569840319944,2018-11-16,1244.6089468150792,185,721.877111766491,0.02429221729772002,-0.11356461511373896,closed
BAJFINANCE,2018-05-15,185.04366457045901,2018-11-16,233.70403357853758,185,15522.65771357706,0.5855526482043965,0.7311357276601307,closed
RELIANCE,2018-05-15,474.23663228476374,2018-11-16,549.5188645231951,185,9334.996797565493,0.33761796712490155,0.3800205004132432,closed
BAJAJFINSV,2018-08-10,705.9673346108876,2018-11-16,567.6211169599161,98,-12312.813370936467,-0.5564402823237692,-0.8149603190257632,closed
SBIN,2018-08-10,275.9195200840682,2018-11-16,263.6393115206287,98,-2812.1677610276424,-0.15606695856664388,-0.3047074256018376,closed
SUNPHARMA,2018-08-10,518.7576694078646,2019-02-15,395.9975061238013,189,-14976.739920655717,-0.40657334105057696,-0.9519921957677532,closed
SAMMAANCAP,2018-08-10,967.9248607352977,2019-02-15,487.18998895176287,189,-31247.76666592976,-0.734645618661226,-1.8279798112465668,closed
RBLBANK,2018-08-10,554.2609710311988,2019-02-15,534.575570389739,189,-2244.1356731264113,-0.06749945011657221,-0.27442112313252587,closed
ICICIBANK,2018-11-16,355.48980176401847,2019-02-15,330.92323676658657,91,-3906.083834591672,-0.24980654166650895,-0.38758121667393325,closed
LT,2018-11-16,1289.3165670499789,2019-02-15,1145.5983878344796,91,-6179.881706266469,-0.3777193753202649,-0.5302948404639692,closed
HCLTECH,2018-11-16,401.44599651135934,2019-02-15,208.00568361234045,91,-27081.643805862645,-0.9285717736343078,-1.7780979885430677,closed
BAJAJ-AUTO,2018-11-16,2301.1265667722846,2019-02-15,2412.624936045462,91,2675.9608625562614,0.20914808910286986,0.00846530098164887,closed
HINDZINC,2018-11-16,144.67260690121125,2019-02-15,134.44734015922464,91,-3998.0792961167667,-0.2548797801724685,-0.3928785250807091,closed
TATASTEEL,2018-11-16,52.52111295799471,2019-02-15,42.768890973458504,91,-10503.143077345494,-0.5615188610310708,-0.7803115042346281,closed
POWERGRID,2018-11-16,76.87969995731652,2019-02-15,74.18216662548085,91,-1985.3845322310544,-0.13356047403069637,-0.27297666511095514,closed
JSWSTEEL,2018-11-16,328.81101583323255,2019-02-15,261.8909582986862,91,-11510.249895941972,-0.5988201738685617,-0.8404104194191934,closed
IDBI,2018-11-16,58.64675336909343,2019-05-23,34.81248167968354,188,-22976.23790859113,-0.6369771225175281,-1.5238989016190168,closed
NTPC,2018-11-16,95.75394477553128,2019-05-23,99.43268756167011,188,2170.4582438219077,0.07599143232521577,-0.025341850553039016,closed
INFY,2018-08-10,298.8724574739626,2019-05-23,614.8732082778813,286,66676.15841962685,1.5125479477139012,3.4071863703982186,closed
AXISBANK,2018-08-10,612.4648121214976,2019-05-23,772.5713730806349,286,16490.975778791137,0.34525576742507824,0.7259022634364053,closed
YESBANK,2018-08-10,382.85,2019-05-23,139.75,286,-40111.50000000001,-0.7239143510655544,-2.2939273027402693,closed
WIPRO,2018-11-16,110.75495326133364,2019-05-23,128.11486413334262,188,8853.55454472458,0.3269568948630617,0.37327462431871405,closed
BRITANNIA,2019-02-15,2631.507859509474,2019-05-23,2613.417307463937,97,-361.81104091074303,-0.025640969882708364,-0.1779298508609398,closed
RELIANCE,2019-02-15,606.5715371260335,2019-05-23,650.171379623461,97,3836.7861397736215,0.2987124365929015,0.0873825633175116,closed
KOTAKBANK,2019-02-15,254.10234645278038,2019-05-23,296.8799860495909,97,8983.304315330211,0.7965563851017996,0.41237543556487644,closed
TECHM,2019-02-15,699.834313438818,2019-05-23,650.5181581680403,97,-3748.027800579105,-0.24054865225683708,-0.39216992940342255,closed
DABUR,2019-02-15,411.72357186587345,2019-05-23,365.41296517545686,97,-5974.06826306374,-0.36193200734350994,-0.5337019846495874,closed
TITAN,2018-11-16,915.5812529995181,2019-08-23,1066.7786130080672,280,9223.038960521491,0.22063820495648523,0.4015614531366546,closed
BAJAJFINSV,2019-02-15,600.4885586695332,2019-08-23,686.1103371559416,189,7620.338285290348,0.29381810927207197,0.32558884347836575,closed
ULTRACEMCO,2019-05-23,4561.342445976651,2019-08-23,3760.7131284220864,92,-9607.551810654777,-0.5352539854933323,-0.746093702795208,closed
ONGC,2019-05-23,116.65300576812209,2019-08-23,81.8881995702149,92,-16374.223719214287,-0.7545883979260457,-1.1587621573974132,closed
SHREECEM,2019-05-23,20216.987473113473,2019-08-23,17908.226040239104,92,-4617.522865748739,-0.3820992905916496,-0.5394938771560729,closed
SBIN,2019-05-23,310.13190925527385,2019-08-23,245.69480011427453,92,-11405.36831795688,-0.6033371120273064,-0.8547345718148889,closed
BANKBARODA,2019-05-23,119.43761928328203,2019-08-23,87.55325286543999,92,-14666.808552207342,-0.7085554102943724,-1.0541083238677287,closed
GRASIM,2019-05-23,878.0922827938671,2019-08-23,712.5864224872232,92,-10261.36333901192,-0.5635839133287387,-0.7897494741045509,closed
SAMMAANCAP,2019-05-23,607.0017612328548,2019-08-23,368.44939606789677,92,-21469.712864846228,-0.8622053399350237,-1.4787462802049876,closed
IOC,2019-05-23,65.06857702163487,2019-08-23,51.81855550101661,92,-11183.018163401806,-0.5950403018588877,-0.8407820422987904,closed
RBLBANK,2019-05-23,656.8784308106892,2019-11-28,371.29394279188875,189,-23703.51250556044,-0.6679678213794477,-1.6194273586335879,closed
PNB,2019-05-23,78.12169803633407,2019-11-28,62.48802489286219,189,-10990.472219860727,-0.35048048714400437,-0.8289499301484955,closed
LT,2019-05-23,1360.323208335995,2019-11-28,1244.0216102789511,189,-4652.063922281759,-0.15862413256163055,-0.4427949721322083,closed
TCS,2019-02-15,1788.7261835063046,2019-11-28,1854.3753720273137,286,1903.826467109265,0.04710785598607803,-0.03112644818064492,closed
ASIANPAINT,2019-02-15,1312.7125015374966,2019-11-28,1618.0687336673732,286,12214.249285195065,0.30615708777074513,0.6288824421611421,closed
HDFCLIFE,2019-08-23,507.5941352195628,2019-11-28,565.4983385798764,97,5327.186709148851,0.5019509577059325,0.22953828905305887,closed
INFY,2019-08-23,703.589312717376,2019-11-28,623.3234306007698,97,-5297.548219696004,-0.36625459024206,-0.5390946786757278,closed
DABUR,2019-08-23,402.33820838101934,2019-11-28,443.3126002832823,97,4753.029460662501,0.44077715359136005,0.1883195415135141,closed
POWERGRID,2019-08-23,84.89800091714444,2019-11-28,82.64388526003913,97,-1239.7636114079241,-0.0963629903795079,-0.24421698296007566,closed
HINDUNILVR,2019-08-23,1730.7867409338423,2019-11-28,1952.251353607778,97,5979.54454219626,0.5736360310815456,0.27629925852759196,closed
SUNPHARMA,2019-08-23,400.58579597957487,2019-11-28,428.25599296694384,97,3209.7428505348003,0.2859622289847008,0.07793347790562824,closed
KOTAKBANK,2019-08-23,291.0304754059734,2019-11-28,319.6940673246136,97,4586.174706982438,0.42434853624780144,0.1770315256411042,closed
ICICIBANK,2019-05-23,397.36902477145145,2020-02-26,506.5161452423248,279,15062.302624980523,0.3739862738848585,0.7705769687652465,closed
RELIANCE,2019-08-23,621.8765684778414,2020-02-26,678.4905618381121,187,4246.049502020302,0.18551939748558777,0.15192438055956747,closed
HDFCBANK,2019-08-23,125.94430580104881,2020-02-26,558.7094114040277,187,160555.85417870517,17.35441248331568,11.421271752326314,closed
BPCL,2019-11-28,188.75593030460274,2020-02-26,166.10521866805044,90,-7293.529146969841,-0.4047599043393657,-0.5590365081957679,closed
IDBI,2019-11-28,36.64218334472915,2020-02-26,32.2123793135661,90,-7366.764103824143,-0.4072090075086079,-0.5620468142083997,closed
BAJAJFINSV,2019-11-28,920.8564225016146,2020-02-26,935.4962866227265,90,966.2310319933881,0.06610548544819528,-0.10121123494276282,closed
SBIN,2019-11-28,316.56655728482514,2020-02-26,297.4438708871446,90,-3671.5557883546608,-0.22342847173872926,-0.358272857790916,closed
BRITANNIA,2019-11-28,2852.3691030577884,2020-02-26,2799.9847564221104,90,-1100.071279349237,-0.07246525460653419,-0.21664041500188458,closed
TATASTEEL,2019-11-28,39.53034821311534,2020-02-26,38.08489692460059,90,-2227.4404356012246,-0.14030407123360678,-0.27795551063391843,closed
INDUSINDBK,2019-11-28,1524.2031699473428,2020-06-03,420.206753085754,188,-43055.86025760196,-0.9181841238939836,-2.5948901682770544,closed
JSWSTEEL,2019-11-28,258.9963223789368,2020-06-03,189.08350567312414,188,-16429.511925865972,-0.45733315898564564,-1.0641589001665284,closed
BAJFINANCE,2019-02-15,249.1733901161453,2020-06-03,235.1968402901677,474,-2990.9816627592063,-0.043507250167723055,-0.3437365691990269,closed
BERGEPAINT,2020-02-26,467.77597299444005,2020-06-03,426.9263888888889,98,-5187.897181404999,-0.2886346332071853,-0.4489656814494064,closed
INFY,2020-02-26,695.1719246316914,2020-06-03,631.5382133063823,98,-5472.499173976577,-0.3007861620886989,-0.46314672082651337,closed
SHREECEM,2020-02-26,22929.74171809981,2020-06-03,21136.562363192676,98,-3586.358709814267,-0.2617662110078548,-0.41822785557504877,closed
DABUR,2020-02-26,477.2563210985384,2020-06-03,440.55526721985814,98,-4587.631734835036,-0.2578690921177179,-0.41383779854278635,closed
TITAN,2020-02-26,1247.241580984094,2020-06-03,978.1867980572807,98,-12645.574797560228,-0.5957128712815025,-0.8815058701289697,closed
ASIANPAINT,2020-02-26,1723.8103653059065,2020-06-03,1626.417166818821,98,-3311.368748560909,-0.19487349440965307,-0.3451081312767128,closed
KOTAKBANK,2020-02-26,329.8886459420858,2020-08-31,277.40141253581874,187,-9500.18924653434,-0.2871403008697012,-0.6907798856544308,closed
DMART,2019-02-15,1464.3,2020-08-31,2251.25,563,28330.2,0.32185443761747456,1.6557504686120161,closed
BHARTIARTL,2019-08-23,342.77084396474874,2020-08-31,495.2505258035403,374,20737.236730075656,0.4324581482265959,1.3438601274108026,closed
GODREJCP,2019-11-28,687.6655480014144,2020-08-31,621.9704665337166,277,-5781.167169157409,-0.12400930655791453,-0.47661157036217827,closed
NESTLEIND,2020-02-26,773.6645903740427,2020-08-31,759.8206954615757,187,-1065.9799082599607,-0.03465241108173711,-0.21505271679774457,closed
HINDUNILVR,2020-02-26,2091.6678134957774,2020-08-31,1988.9676828046943,187,-2875.6036593503277,-0.09365588213897003,-0.32018122716306696,closed
TCS,2020-02-26,1899.9656808531356,2020-08-31,2044.8533848914542,187,4491.518825187876,0.15435508791094077,0.10213464938285002,closed
SUNPHARMA,2020-06-03,449.07886259206975,2020-08-31,490.6715914386734,89,4741.571088512813,0.4383722994871311,0.15724898958149677,closed
BRITANNIA,2020-06-03,3267.5245587912123,2020-08-31,3543.8341236748647,89,4144.643473254787,0.39534690951758145,0.13011085766197705,closed
ITC,2020-06-03,147.01258274293806,2020-08-31,150.17112142343393,89,1105.488538173553,0.09115679877446037,-0.08239020109682839,closed
BAJAJ-AUTO,2020-06-03,2483.258621582339,2020-11-27,2831.337715931103,177,6961.581886975282,0.3108723447959141,0.3174477086941904,closed
ONGC,2020-06-03,62.09893984420495,2020-11-27,56.48628942954911,177,-4658.4998441643465,-0.1775626611721446,-0.45925812924976844,closed
ADANIPORTS,2020-06-03,328.2238187264894,2020-11-27,397.8221546072352,177,10926.938733277086,0.48712044811285216,0.5595866299276728,closed
HCLTECH,2020-02-26,463.3450004338179,2020-11-27,659.5627445710559,275,25312.088993703695,0.5983756460542367,1.2718889039730303,closed
RELIANCE,2020-06-03,751.4331714495155,2020-11-27,944.1576777315963,177,13105.266427181496,0.6018081693876478,0.7092681326076848,closed
M&M,2020-06-03,476.2325785918259,2020-11-27,708.8021474815467,177,25117.513440089846,1.2718984605315202,1.4904354706197918,closed
RBLBANK,2020-08-31,192.6395943241548,2020-11-27,220.01909267540623,88,7803.157030106653,0.7359982065668935,0.3240433100576197,closed
INFY,2020-08-31,835.9295629339416,2021-03-01,1152.8111868776393,182,20597.30555634035,0.9060562265506062,1.1222971110281554,closed
MARUTI,2020-08-31,6555.666108135084,2021-03-01,6723.440631666549,182,1342.1961882517207,0.05202212290674724,-0.06855258811593325,closed
TECHM,2020-02-26,710.161387657011,2021-03-01,846.0982597492639,369,11418.697255749243,0.18929814298254288,0.4900916163180448,closed
BAJFINANCE,2020-08-31,340.1134124814656,2021-03-01,513.5929012149157,182,27930.19768608547,1.286756225614233,1.5635764694368939,closed
JSWSTEEL,2020-08-31,267.538718701094,2021-03-01,401.70472552191694,182,27504.0313982687,1.2607521908439705,1.5346678153298343,closed
WIPRO,2020-08-31,123.66365643169858,2021-03-01,189.3160009181488,182,29149.640951983896,1.350502434713115,1.633752951249674,closed
INDIGO,2020-08-31,1197.126971741881,2021-03-01,1671.8746942218472,182,21363.647511598476,0.9548945343139956,1.1812378989367087,closed
BAJAJFINSV,2020-11-27,873.3805517531551,2021-03-01,974.6158357152723,94,7491.411013196668,0.5313439423703772,0.23572425323955315,closed
KOTAKBANK,2020-11-27,377.5161336190531,2021-03-01,365.3024345763728,94,-2100.756235341017,-0.11996159961356867,-0.2637629882343863,closed
HDFCBANK,2020-11-27,671.266587801954,2021-06-04,699.2661171956435,189,2687.954821794192,0.08217540598460737,-0.014248840271399487,closed
INDUSINDBK,2020-08-31,612.499816802688,2021-06-04,980.9521820040509,277,32792.2605029213,0.8608325366306941,1.871800657807293,closed
AXISBANK,2020-08-31,494.3003987349374,2021-06-04,738.3907617136593,277,27094.030290638137,0.6975570942185529,1.508818967701056,closed
SBIN,2020-08-31,192.13315243167168,2021-06-04,396.59475642156735,277,58271.55713712027,1.6002781585012138,3.4302850657648665,closed
ULTRACEMCO,2020-11-27,4676.302357108824,2021-06-04,6489.854601932599,189,23576.179182709067,0.8839222651177481,1.1517433096183631,closed
LT,2020-11-27,1069.157103627128,2021-06-04,1464.613778226916,189,23727.400475987288,0.8371414493045339,1.0913037095117597,closed
ONGC,2021-03-01,85.6707841188154,2021-06-04,91.8188796899222,95,5527.137918425007,0.30534011956278206,0.08699534327559268,closed
HINDZINC,2021-03-01,196.1148991021741,2021-06-04,218.03612137396468,95,8593.119130541909,0.5028877957061559,0.2217954149144985,closed
ICICIBANK,2021-03-01,588.3885754404588,2021-06-04,621.6114694428912,95,4318.976220316217,0.23513770737437611,0.035451389112807354,closed
DMART,2021-03-01,2908.45,2021-06-04,3197.0,95,7502.300000000005,0.4386189130371443,0.17946021845537224,closed
BPCL,2021-03-01,184.79222728590253,2021-06-04,196.41237356744384,95,4833.980853121185,0.26423674426976884,0.05707296323063508,closed
POWERGRID,2021-03-01,101.86710918689761,2021-09-03,106.86351652235648,186,3777.283945606905,0.09859162593372917,0.010468001791833293,closed
BAJAJ-AUTO,2021-03-01,3402.7709081145795,2021-09-03,3352.318844074024,186,-1109.9454088922175,-0.028907401760621676,-0.2047197876833234,closed
GRASIM,2020-11-27,872.5757276450759,2021-09-03,1504.975173076226,280,46797.5589619051,1.036108341917263,2.2868311530522556,closed
ADANIPORTS,2021-03-01,669.7873184967883,2021-09-03,734.8314453961887,186,7480.074593431039,0.19961229793314073,0.17238789175655647,closed
JSWSTEEL,2021-06-04,715.1553889074463,2021-09-03,685.1093430340469,91,-3545.43341306113,-0.15825247643311402,-0.29630819856479645,closed
ASIANPAINT,2021-06-04,2775.5496017933515,2021-09-03,3183.999620421352,91,12253.50055884002,0.7350622797484982,0.34099539998490336,closed
CIPLA,2021-06-04,909.9007595092818,2021-12-07,854.9548292409435,186,-5109.971514955463,-0.11512898637349334,-0.35820615826858326,closed
DRREDDY,2021-06-04,1037.795058253992,2021-12-07,892.7802321310792,186,-11746.20091595594,-0.2558883137457213,-0.6255167248524759,closed
TATASTEEL,2020-08-31,38.762340469184295,2021-12-07,107.8212511646463,463,97856.47645546966,1.2412668359601384,5.847231690036318,closed
WIPRO,2021-06-04,247.24377339986034,2021-12-07,288.907912598063,186,14290.799744983504,0.357730844661426,0.4129358244466461,closed
BAJAJFINSV,2021-06-04,1212.0962122571862,2021-12-07,170.6017703332047,186,-71863.11649275472,-0.9787286020624189,-3.0494880581947035,closed
GODREJCP,2021-06-04,814.1577172475359,2021-12-07,858.8024574754666,186,4643.0529837047925,0.11052435581954101,0.029964439941455607,closed
DIVISLAB,2021-06-04,4116.933414422316,2021-12-07,4486.118643080239,186,7383.704573158466,0.18369634671926138,0.1473341514278402,closed
ICICIPRULI,2021-06-04,571.7592346502262,2021-12-07,582.0956497037223,186,1529.7894279174266,0.035809645015210334,-0.09386649345156793,closed
AMBUJACEM,2021-06-04,319.5197576002231,2021-12-07,358.68390195899156,186,10378.49825507364,0.25489112188838314,0.2581607169702331,closed
BAJFINANCE,2021-06-04,584.4523000278226,2021-12-07,692.6648849898854,186,15690.824819499107,0.39595337421692656,0.4689863891065922,closed
HCLTECH,2021-09-03,958.2120469177382,2021-12-07,945.406805355079,95,-1267.7189147032668,-0.05041121310778707,-0.19979084903907798,closed
TECHM,2021-09-03,1303.452335091294,2022-03-08,1334.6839771602727,186,2279.90987103545,0.04759496097782456,-0.07404920741267541,closed
DMART,2021-09-03,3938.9,2022-03-08,4124.0,186,4442.399999999998,0.09436864006444812,0.003543346364355954,closed
GRASIM,2021-12-07,1679.4404998368914,2022-03-08,1452.9145601507846,91,-11552.822923991445,-0.440966971045473,-0.6091715685721849,closed
SBIN,2021-12-07,436.0164215547997,2022-03-08,402.72295030538766,91,-6525.520364884762,-0.27299017248697954,-0.4120125592814963,closed
M&M,2021-12-07,810.8519857512238,2022-03-08,687.8424163891215,91,-12916.00478302074,-0.4833362602830441,-0.6658440195833765,closed
HINDZINC,2021-12-07,231.03857512086879,2022-03-08,221.48793988951638,91,-3543.2856708317413,-0.15586773891069805,-0.29403260674141274,closed
KOTAKBANK,2021-12-07,383.65504653205846,2022-03-08,341.26216900053686,91,-9453.611689529318,-0.3749850592573428,-0.5270232597650948,closed
LT,2021-12-07,1712.8041589735733,2022-06-09,1519.4337989982464,184,-9668.517998766345,-0.21163795135379848,-0.535107127503624,closed
TITAN,2020-11-27,1352.67726877185,2022-06-09,2126.302932699917,559,37134.031868547216,0.3438406359660653,1.771969672919227,closed
BHARTIARTL,2021-09-03,635.5441604274822,2022-06-09,652.8214639002621,279,2591.5955209169797,0.035737657343501095,-0.06318674862858673,closed
INFY,2021-09-03,1547.378330673605,2022-06-09,1390.6765210293595,279,-9558.810388298974,-0.1304497588773884,-0.4959346632037424,closed
TCS,2021-09-03,3526.8326372482748,2022-06-09,3178.7708710914876,279,-9397.667686233253,-0.12718088847789866,-0.48724424864053734,closed
ONGC,2021-12-07,112.46825717211337,2022-06-09,128.95975785838917,184,12566.52352294216,0.3120801140658267,0.33921811236374755,closed
POWERGRID,2021-12-07,125.27776531074316,2022-06-09,143.454634611761,184,12432.978601896206,0.3085844659885635,0.33403019614457985,closed
HINDALCO,2022-03-08,582.6157173695362,2022-06-09,394.78029158144267,93,-26860.46588769738,-0.7831491458388004,-1.2408998376041855,closed
ADANIGREEN,2022-03-08,1783.95,2022-06-09,1812.65,93,1320.200000000002,0.06468720062163191,-0.100571825325722,closed
SUNPHARMA,2022-03-08,819.8578119352221,2022-06-09,823.5495693339948,93,376.5592546748119,0.017801768854491362,-0.1396002782181046,closed
TATASTEEL,2022-03-08,119.14961555842486,2022-09-09,99.2053120482513,185,-14020.84536765201,-0.30349015033979576,-0.7186837840997656,closed
HCLTECH,2022-03-08,974.6272189173428,2022-09-09,808.6720868082849,185,-14106.18622926992,-0.30824985335698807,-0.7284089485812477,closed
AXISBANK,2022-03-08,667.094086184,2022-09-09,782.1685002315024,185,14384.301755937799,0.36915284642880164,0.4263662721519105,closed
NTPC,2021-12-07,107.69378310332108,2022-09-09,150.13361120410949,276,33782.10316822757,0.5521919199870187,1.1728363905733707,closed
ITC,2021-12-07,182.43861369479208,2022-09-09,286.13760145862983,276,48738.52424900374,0.8141090587232103,1.76012125985807,closed
MARUTI,2021-12-07,6931.824707723946,2022-09-09,8685.66350447522,276,21046.065561015293,0.34781794000801125,0.6976005398670408,closed
BAJAJ-AUTO,2022-03-08,2959.4083400340505,2022-09-09,3562.554885917247,185,16888.103284729495,0.44226476674051596,0.5318307395627249,closed
ICICIPRULI,2022-06-09,558.8792900598376,2022-09-09,581.0679168237888,92,3261.7281343008294,0.16715918652296824,-0.021018576138493134,closed
RELIANCE,2022-06-09,1373.6977227675557,2022-09-09,1264.8746069507197,92,-6420.563833193322,-0.2793961174627666,-0.4216503268781116,closed
HDFCLIFE,2022-06-09,597.0843026514442,2022-12-12,569.0512489313236,186,-3840.528359656525,-0.0901090378597117,-0.3129390370834026,closed
HINDUNILVR,2022-06-09,2090.5787164950757,2022-12-12,2602.14746530373,186,19951.18120353751,0.5370245584323556,0.6696030946063598,closed
TMPV,2022-06-09,251.35641889454638,2022-12-12,242.93593046796744,186,-2753.499715491314,-0.06472230716755534,-0.2676284674826571,closed
ATGL,2022-06-09,2494.395071893434,2022-12-12,3636.012990590256,186,37673.39131699513,1.0959508380618712,1.387079178531192,closed
M&M,2022-06-09,1025.996017081668,2022-12-12,1240.8946183056441,186,17191.88809791809,0.45271781614159323,0.5508554416149674,closed
ICICIBANK,2022-06-09,710.7818366385136,2022-12-12,907.8245234703099,186,22659.90898565658,0.6168687437846618,0.7791514163126406,closed
GODREJCP,2022-06-09,728.5926108427747,2022-12-12,855.030335039096,186,14287.462834184314,0.3692144106027391,0.4298561132562864,closed
GRASIM,2022-09-09,1741.913235347421,2022-12-12,1808.7202037043749,94,3607.5762912755054,0.1574713650725459,-0.025564429659477066,closed
ASIANPAINT,2022-09-09,3305.084828714876,2022-12-12,3044.919862262713,94,-7284.61906066056,-0.27281472881314084,-0.4199573404814552,closed
SHREECEM,2022-09-09,24094.51936298724,2022-12-12,23871.179796794106,94,-670.0186985794062,-0.035538294501757384,-0.18599737203196948,closed
ADANIGREEN,2022-09-09,2315.9,2022-12-12,2024.05,94,-11674.000000000005,-0.40748993615144624,-0.5793176156370361,closed
ADANIPORTS,2022-09-09,888.8572364836311,2022-12-12,863.814172700032,94,-2654.5647610615056,-0.10510378170156032,-0.24968664500084767,closed
ULTRACEMCO,2022-09-09,6606.080484131878,2022-12-12,6959.77332380325,94,4951.699755399208,0.2246570993833774,0.02560174728117831,closed
DLF,2022-09-09,383.8913111429706,2023-03-13,331.46775593019913,185,-12896.194582341783,-0.251652569679908,-0.6148196339591447,closed
BAJFINANCE,2022-09-09,702.7963788877655,2023-03-13,570.9309161888797,185,-17669.9720016507,-0.3365240005335459,-0.7868732441690751,closed
ADANIENT,2022-06-09,2214.1328479034178,2023-03-13,1870.9150880489387,277,-12699.057114615724,-0.19916043404187733,-0.6769888763476293,closed
AMBUJACEM,2022-06-09,358.9928158307096,2023-03-13,361.64619826362207,277,607.6245771369513,0.009757413824954986,-0.12987005330965143,closed
BRITANNIA,2022-12-12,4301.461145780092,2023-03-13,4180.206434572046,91,-2667.603646577003,-0.10842820807411313,-0.24973630678202813,closed
AXISBANK,2022-12-12,935.4430308241061,2023-03-13,829.5062128657592,91,-10805.555431751392,-0.3827058003909727,-0.5362889418447888,closed
SBIN,2022-12-12,569.4805506929459,2023-03-13,492.332912270225,91,-13037.95089343984,-0.44249151133831455,-0.6111538238170692,closed
HDFCBANK,2022-12-12,778.0509215243252,2023-03-13,742.4558314567181,91,-4378.196078315672,-0.17135017096720706,-0.30889347713463816,closed
HINDALCO,2022-12-12,456.2070186267603,2023-03-13,397.24921147876245,91,-12440.09730822755,-0.42617589140094614,-0.5901473863381873,closed
BHARTIARTL,2022-12-12,803.1359833031333,2023-03-13,741.960366998899,91,-7279.898340203891,-0.2723980574147873,-0.41138134883868027,closed
JSWSTEEL,2022-12-12,734.6406958847499,2023-06-15,764.1413514865199,185,3864.5858838318636,0.08083255612849705,-0.019487165276378195,closed
LT,2022-09-09,1881.04439432187,2023-06-15,2278.0921288945924,279,19852.386728636124,0.28494366004716687,0.5563288803274689,closed
HINDZINC,2022-12-12,246.30794549357367,2023-06-15,266.2778714070349,185,7808.24103216335,0.16639061696750268,0.11836932628488046,closed
ONGC,2022-12-12,119.20606831157913,2023-06-15,135.52382671975627,185,13168.431035398953,0.2882614310380984,0.30638658382925116,closed
SUNPHARMA,2022-12-12,949.9244716609442,2023-06-15,958.0260202523476,185,818.2564077317492,0.01690822463301722,-0.126038151624875,closed
HCLTECH,2022-12-12,885.5681773833593,2023-06-15,1010.6610029218633,185,13510.025158158434,0.2980566690132511,0.3211091557350817,closed
TECHM,2023-03-13,1053.0932196342724,2023-06-15,1004.5160672380186,94,-3886.172191700298,-0.16765028558988881,-0.310170337315633,closed
NTPC,2023-03-13,166.17025259095462,2023-06-15,172.64321735520997,94,3307.6849945344848,0.16007746096670905,-0.023539144133012883,closed
POWERGRID,2023-03-13,151.18833089898544,2023-06-15,164.7959493589339,94,7647.481574491039,0.3977602350347351,0.14844457396374522,closed
TCS,2023-03-13,3067.344683394058,2023-06-15,3028.3434378679767,94,-1053.033629204193,-0.048506689754407195,-0.197605465004783,closed
ULTRACEMCO,2023-03-13,6890.38837108688,2023-09-14,8460.533332662144,185,18841.739538903163,0.49975040869980947,0.6129137925430868,closed
MARUTI,2023-03-13,8270.507041864712,2023-09-14,10278.761944714532,185,20082.549028498197,0.5360075058918947,0.6632671507682777,closed
NESTLEIND,2022-12-12,990.4557302181147,2023-09-14,1090.6742096428793,276,9721.192504202167,0.136046784486757,0.18610800497121166,closed
ITC,2023-03-13,337.39169980852523,2023-09-14,401.7357412469382,185,16214.698442480061,0.41145092243863934,0.487710944260451,closed
BAJAJ-AUTO,2023-03-13,3497.6187467375203,2023-09-14,4621.624790871206,185,26976.14505920845,0.7335529247302603,0.927866141919154,closed
IOC,2023-03-13,64.61094387428332,2023-09-14,81.07111190550151,185,21661.581129083137,0.5652708311295549,0.703481377250019,closed
DLF,2023-06-15,474.27841879303514,2023-09-14,523.8400742027277,91,9664.522804890046,0.4902336117297399,0.19727540860142442,closed
ADANIGREEN,2023-06-15,962.6,2023-09-14,983.8,91,2035.1999999999935,0.09137449879505977,-0.08057481863743782,closed
ADANIENT,2023-06-15,2481.0286430905057,2023-09-14,2516.3718183460273,91,1307.6974844542992,0.058416302710493806,-0.10677907675967853,closed
DIVISLAB,2023-06-15,3500.2593322238135,2023-09-14,3761.897187153155,91,6802.584228162874,0.33553980588008403,0.09704786854392153,closed
VBL,2023-06-15,328.17376116387857,2023-09-14,363.3031273702429,91,9941.610636401112,0.5040691150853596,0.20585240676923608,closed
TITAN,2023-06-15,2889.7924607614896,2023-09-14,3240.930069430703,91,11236.403477414831,0.5845141918496572,0.25458203900254484,closed
AMBUJACEM,2023-06-15,450.43623634274775,2023-09-14,440.06289235580215,91,-2136.9088613107933,-0.08927612906105853,-0.2323540615599648,closed
BAJFINANCE,2023-06-15,697.4820250639266,2023-12-18,745.7556394934641,186,6420.390719128484,0.14043970240962134,0.0783947891884713,closed
HDFCLIFE,2023-06-15,570.6799298692883,2023-12-18,665.751987600224,186,15401.673352411572,0.35335334667107365,0.40646738591550474,closed
ASIANPAINT,2023-06-15,3189.1079457416004,2023-12-18,3231.234234234616,186,1221.6623662974534,0.026104558741471884,-0.11026905712599475,closed
WIPRO,2023-03-13,178.28346007352874,2023-12-18,205.94295134969173,280,13193.577338729741,0.20699720945822953,0.3678901944751777,closed
INDUSINDBK,2023-06-15,1280.7835309963211,2023-12-18,1536.7723756581022,186,18431.196815648236,0.4301968917375345,0.5185656663130038,closed
ONGC,2023-09-14,161.98389091810478,2023-12-18,176.6879015085017,95,8881.222396599747,0.39662911412678303,0.15103895741981274,closed
TECHM,2023-09-14,1188.747007540063,2023-12-18,1212.7346213519422,95,1966.9843325741049,0.07983709297386277,-0.08678967360473122,closed
HINDALCO,2023-09-14,491.16692437280926,2023-12-18,559.3584919367833,95,13570.121945230823,0.6484590284207665,0.31295204603407534,closed
INFY,2023-09-14,1398.404509071118,2023-12-18,1470.4598091511846,95,5043.8710056046675,0.2130912696265197,0.018817804148244934,closed
SUNPHARMA,2023-09-14,1112.5716379069784,2023-12-18,1218.547053145626,95,9325.836541000994,0.4188031984169749,0.16612531183806784,closed
TATASTEEL,2023-09-14,123.60775399011065,2024-03-18,140.50175225755174,186,13380.046627813344,0.28603563130750365,0.3056699611331995,closed
BANKBARODA,2023-09-14,198.4228265474517,2024-03-18,238.31339951074307,186,19666.052470902643,0.4329350867149411,0.522504862194035,closed
M&M,2023-09-14,1537.374186919809,2024-03-18,1822.1221964447711,186,17939.12460007261,0.3961036978213055,0.4692053305623925,closed
NTPC,2023-09-14,223.11340840438456,2024-03-18,302.270330139733,186,34749.88864181797,0.8153237925173307,1.0404547378770943,closed
LT,2023-09-14,2841.325995189037,2024-03-18,3466.91226412225,186,21269.933143729242,0.47811184961388764,0.5869713047164957,closed
HCLTECH,2023-09-14,1144.1737639913447,2024-03-18,1490.3035253558721,186,29421.029715984834,0.6803509061654571,0.8643687094037886,closed
ATGL,2023-12-18,1029.5352130336041,2024-03-18,946.317238897755,91,-8737.887284264154,-0.2870166684542519,-0.42707932440042473,closed
LICI,2023-12-18,380.87191276319396,2024-03-18,431.34505969393314,91,14334.373728329927,0.647881255928153,0.29167474073580885,closed
ADANIENT,2023-12-18,2976.5449010882485,2024-06-21,3186.245422911792,186,7549.218785647568,0.1430377785122403,0.08257126152026803,closed
AMBUJACEM,2023-12-18,519.584589772748,2024-06-21,651.8256187796354,186,27506.13403343258,0.5609055751479863,0.702655288283001,closed
ADANIGREEN,2023-12-18,1524.65,2024-06-21,1780.45,186,17905.999999999996,0.3560470094745447,0.4104489073752593,closed
IOC,2023-12-18,111.94719377486612,2024-06-21,150.00113732825247,186,36760.10947257121,0.7764412869148156,0.9904074916867273,closed
BAJAJ-AUTO,2023-12-18,6168.240150755692,2024-06-21,9234.940395579868,186,52133.904162010986,1.2089451816618033,1.5201590433624423,closed
DLF,2023-12-18,679.5736777272195,2024-06-21,834.5761375731928,186,24645.391115509745,0.49699608443994814,0.6136317845069171,closed
VBL,2023-12-18,449.7584647671862,2024-06-21,633.6750258387702,186,44139.97465718017,0.9605202147140566,1.2228449423657188,closed
JIOFIN,2024-03-18,352.0011131869843,2024-06-21,360.3381130312938,95,2909.6129456640165,0.09417357382150815,-0.07497944200133294,closed
ONGC,2024-03-18,235.66859565116562,2024-06-21,242.92063003569112,95,3778.3099143377863,0.12358791616170328,-0.051102163552332304,closed
TMPV,2024-03-18,573.3646060797741,2024-06-21,569.9829754656239,95,-723.6689514281543,-0.02248622608798112,-0.17463937762748546,closed
WIPRO,2024-03-18,236.487761644927,2024-09-20,249.88348158130174,186,6965.774366914868,0.11426725587532238,0.036058619786783534,closed
RELIANCE,2024-03-18,1422.3229044774455,2024-09-20,1473.2025245752054,186,4375.647328407354,0.07145653168984234,-0.03425763215650395,closed
COALINDIA,2023-09-14,230.66762301392114,2024-09-20,435.9697588796772,372,87048.10560708058,0.8683280638674438,2.8436550688756963,closed
ADANIPORTS,2023-09-14,838.5387535646477,2024-09-20,1425.7257537458997,372,68113.69202102524,0.683953764300874,2.204293666684132,closed
POWERGRID,2023-12-18,214.83752683686257,2024-09-20,321.1200410475154,277,53460.10464795836,0.698907858136085,1.5118555464837402,closed
HINDZINC,2024-06-21,617.0642877477278,2024-09-20,482.1298644314601,91,-28471.16331973249,-0.6285824518297269,-0.8914498730797561,closed
HAL,2024-06-21,5060.042907773056,2024-09-20,4252.408336141255,91,-20190.864290795027,-0.5023939030078268,-0.6924788534549808,closed
BEL,2024-06-21,301.28577696788756,2024-09-20,274.0174134843208,91,-11807.201388384407,-0.31666732237715234,-0.4596767248982931,closed
M&M,2024-06-21,2788.0369234629065,2024-09-20,2896.9097186924128,91,5008.148580557286,0.1662033411443884,-0.023215153709835755,closed
HINDALCO,2024-06-21,675.9902678861725,2024-09-20,685.7671906795591,91,1886.946099123609,0.05932860994495415,-0.10604553524120915,closed
TATASTEEL,2024-06-21,172.28629532429105,2024-09-20,145.55386581748766,91,-20236.44913665016,-0.49173970640486486,-0.6774961012838165,closed
DMART,2024-06-21,4804.85,2024-09-20,5320.55,91,13923.899999999994,0.5056186124511794,0.20680928789030037,closed
HDFCBANK,2024-06-21,808.3967199234963,2024-09-20,422.50648918829114,91,-62128.32714836804,-0.9260454998876684,-1.7629166983039601,closed
AXISBANK,2024-06-21,1234.4806120430424,2024-12-23,1077.3975753303116,185,-16493.718854836727,-0.2356344844912407,-0.5834483247826734,closed
JSWSTEEL,2024-06-21,929.047537253725,2024-12-23,929.1962800550783,185,20.823992189471028,0.0003161188461804354,-0.15423075133369685,closed
BHARTIARTL,2024-03-18,1193.3883160583434,2024-12-23,1554.1839357545136,280,37161.94882870553,0.4113962854901798,0.8637412124276101,closed
BAJAJ-AUTO,2024-09-20,11484.900697429886,2024-12-23,8433.035289814607,94,-33570.519483768076,-0.6988606198327083,-1.0499792884032102,closed
ITC,2024-09-20,474.29078916722165,2024-12-23,437.2713972833493,94,-9995.235808645533,-0.27077465085963637,-0.41771878917995486,closed
HDFCLIFE,2024-09-20,706.6213817622707,2024-12-23,618.6290834145713,94,-15926.606000933607,-0.4035426973353493,-0.5742820109663784,closed
HINDUNILVR,2024-09-20,2872.382346518825,2024-12-23,2273.3831122217075,94,-26355.966309073177,-0.5969701647846526,-0.8573090701922303,closed
BAJAJFINSV,2024-09-20,1914.2331241767968,2024-12-23,1561.306378515236,94,-23293.165213663007,-0.5470033360356472,-0.7758910063212023,closed
NTPC,2024-09-20,407.2489123410583,2024-12-23,322.47975111887376,94,-26617.51662376595,-0.5962044934397567,-0.8560063430504439,closed
BRITANNIA,2024-09-20,6130.213461538461,2025-03-24,4734.800370817524,185,-27908.261814418747,-0.39947334010963564,-0.9216257045484548,closed
ADANIGREEN,2024-09-20,2003.95,2025-03-24,952.9,185,-66216.15000000001,-0.7695323280501079,-1.92171452407247,closed
SUNPHARMA,2024-03-18,1537.063623496724,2025-03-24,1762.0596944859471,371,17999.685679137856,0.14395583173581383,0.33836902883547576,closed
SBIN,2024-06-21,805.2415285180903,2025-03-24,751.8026850017038,276,-8657.092649654604,-0.08686689893728972,-0.37834204865672566,closed
INFY,2024-09-20,1791.3694386102025,2025-03-24,1514.2020766484056,185,-19678.882699287573,-0.2824177099484483,-0.6760168174132357,closed
HCLTECH,2024-09-20,1629.9156468525043,2025-03-24,1505.3544065536285,185,-9715.776743312319,-0.14526055504159918,-0.4122268106121126,closed
TCS,2024-09-20,4103.880998940524,2025-03-24,3492.424212772988,185,-18955.1603711936,-0.2727838747086958,-0.6567165838840687,closed
WIPRO,2024-12-23,285.43544418060765,2025-03-24,254.70705707414788,91,-12045.527745732226,-0.36692842050444907,-0.5174456483951052,closed
HDFCBANK,2024-12-23,437.0171071836161,2025-03-24,436.77445470877785,91,-62.119033558585215,-0.0022267514079574724,-0.15664068283576513,closed
M&M,2024-12-23,2856.1192349973185,2025-03-24,2723.979665674581,91,-5153.443203586756,-0.17314849746278238,-0.3106330867617576,closed
HAL,2024-12-23,4147.063502494131,2025-03-24,4082.0215475380714,91,-1756.1327838136126,-0.0614787200999658,-0.20760725703960928,closed
ULTRACEMCO,2024-12-23,11172.292049597398,2025-03-24,10761.922659075602,91,-4103.693905217951,-0.1394678515090063,-0.2785126706857706,closed
LT,2024-12-23,3571.972469366721,2025-06-26,3624.201043655339,185,1619.0858029471688,0.02907373119665002,-0.10551102005000036,closed
VBL,2024-12-23,623.3920272172728,2025-06-26,456.9529938328576,185,-29792.58697581032,-0.458393395693533,-1.0542269637904997,closed
ICICIBANK,2024-09-20,1328.201531393568,2025-06-26,1428.080857580398,279,9588.415313935679,0.09957097788908653,0.09856652807992759,closed
ASIANPAINT,2024-09-20,3237.9220795869114,2025-06-26,2266.5673018593584,279,-37882.836331374565,-0.37307272962642535,-1.1654133631553847,closed
BAJAJFINSV,2025-03-24,1891.6134558428002,2025-06-26,2050.8499289490137,94,8758.00602084174,0.36896291557693295,0.12882355976705548,closed
JSWSTEEL,2025-03-24,1052.454481443314,2025-06-26,1023.8958635834493,94,-2855.861785986474,-0.10137973679830614,-0.2461857056576887,closed
DMART,2025-03-24,3905.1,2025-06-26,4315.4,94,10667.799999999992,0.47432612901920623,0.19919115393040077,closed
TATASTEEL,2025-03-24,151.68164335486378,2025-06-26,157.29611234592846,94,3896.44147979889,0.15168751645208745,-0.030071382071268974,closed
NTPC,2025-03-24,357.4313992602676,2025-06-26,328.40440457991343,94,-8533.936436024123,-0.2804321721193871,-0.4283573104709748,closed
ONGC,2025-03-24,231.31040458941914,2025-09-25,228.55904472815234,185,-1251.8687368763904,-0.023347832601545493,-0.1948418969717369,closed
BEL,2024-12-23,290.8131446155033,2025-09-25,401.44099456521735,276,42591.72223063991,0.5320816549723126,1.1267836427454194,closed
DLF,2024-12-23,827.7275996702936,2025-09-25,712.1095164290142,276,-15608.441237572712,-0.18053543916046288,-0.6253406410974721,closed
INDIGO,2025-03-24,4961.964761703923,2025-09-25,5674.5,185,14963.240004217623,0.3033217019104242,0.32900002482254564,closed
BHARTIARTL,2025-03-24,1683.364640982329,2025-09-25,1911.542827550492,185,14147.047567226095,0.28526954589568154,0.30187867432236487,closed
RELIANCE,2025-03-24,1290.9514324406512,2025-09-25,1366.0838229654062,185,6085.723632505156,0.11816039025078884,0.041296515835265675,closed
AXISBANK,2025-03-24,1096.067208521876,2025-09-25,1165.7009556103574,185,6684.839720494216,0.12930983802716733,0.059257082123723125,closed
JIOFIN,2025-06-26,312.01346722715243,2025-09-25,301.6,91,-3748.8482017748674,-0.12737130407634634,-0.26720689979106865,closed
TRENT,2025-06-26,4065.3259803017445,2025-09-25,3157.00154930097,91,-24524.75963702091,-0.6375825053586699,-0.9074876131981681,closed
TITAN,2025-06-26,3671.5667829351705,2025-09-25,3367.45048403977,91,-9123.48896686202,-0.2932214741717293,-0.4338153814046552,closed
ADANIPORTS,2025-06-26,1423.3015947624642,2025-09-25,1401.294342789995,91,-1738.5729058250706,-0.06062981927182376,-0.2068602278460638,closed
HAL,2025-06-26,4761.370041320559,2025-12-29,4338.255998681609,186,-9731.622980695854,-0.16702259876024161,-0.4541426116851934,closed
GRASIM,2025-06-26,2872.849095654065,2025-12-29,2842.4,186,-1187.5147305085302,-0.020706890745176176,-0.19047667530861748,closed
MARUTI,2025-03-24,11794.59265942259,2025-12-29,16542.0,280,37979.258724619285,0.5546492335082986,1.201230665177108,closed
COALINDIA,2025-03-24,379.33116576377654,2025-12-29,395.4226841418574,280,4457.350590728403,0.055690272062344226,-0.011859371158234943,closed
M&M,2025-06-26,3157.01654552792,2025-12-29,3554.7694904578952,186,13921.35307254914,0.26240575427880186,0.2696763612979297,closed
HDFCBANK,2025-06-26,490.59477362789283,2025-12-29,975.564705882353,186,111058.11448627137,2.85684744116621,3.1754909956104056,closed
ETERNAL,2025-09-25,332.25,2025-12-29,282.85,95,-17042.999999999993,-0.46145867327717915,-0.6556670247477656,closed
JSWSTEEL,2025-09-25,1141.940838159588,2025-12-29,1086.3600868725866,95,-5558.075128700148,-0.1745603836256855,-0.31874117621514875,closed
HINDUNILVR,2025-09-25,2493.1430171810684,2025-12-29,2270.208508398554,95,-10254.987403995667,-0.30242557629606315,-0.45601279482598045,closed
ADANIGREEN,2025-09-25,1079.55,2025-12-29,1001.9,95,-8230.899999999998,-0.24948419866025406,-0.39708779062987476,closed
TECHM,2025-06-26,1601.0649604482321,2026-04-01,1368.9255259269682,279,-16249.76041648847,-0.1854075928835729,-0.6432271425380769,closed
ASIANPAINT,2025-09-25,2379.6086093413824,2026-04-01,2206.655123410621,188,-8301.767324676548,-0.1363620053248371,-0.39962579579755564,closed
HINDZINC,2025-09-25,458.37507136448903,2026-04-01,515.0397561373461,188,14166.171193214268,0.25413718587978584,0.2616942753385742,closed
HCLTECH,2025-12-29,1572.6013861204258,2026-04-01,1315.5267007397333,93,-19280.601403551937,-0.5039214711028654,-0.7054853000793824,closed
IOC,2025-12-29,159.96319118471018,2026-04-01,135.72,93,-17915.718285500825,-0.4755842855241541,-0.6653410870958998,closed
RELIANCE,2025-12-29,1538.4867070645087,2026-04-01,1362.8985502799724,93,-13344.699915624758,-0.3787032800822313,-0.5392626086939927,closed
INFY,2025-12-29,1609.8635177497247,2026-04-01,1248.679327289672,93,-26366.44590358384,-0.6313146630199289,-0.9106034914456451,closed
LT,2025-12-29,3999.634046073565,2026-04-01,3572.605001909126,93,-12383.842280768738,-0.35817298654822827,-0.5144561297381305,closed
TCS,2025-12-29,3179.516045173488,2026-04-01,2363.0275937062847,93,-30210.07270428651,-0.6882645664456052,-1.0198882524778956,closed
WIPRO,2025-12-29,254.7424951055661,2026-04-01,189.02123757904246,93,-30494.663492306965,-0.6902276861159495,-1.0239123575959301,closed
DIVISLAB,2025-12-29,6364.255646817249,2026-07-06,6829.337782340863,189,8371.478439425051,0.14602892415055702,0.0914187610006888,closed
BHARTIARTL,2025-12-29,2055.728223718281,2026-07-06,1901.765872604868,189,-8775.854013464526,-0.1396732143498789,-0.40708056135830695,closed
SBIN,2025-09-25,845.9025742422697,2026-07-06,1037.7,284,25892.6524772936,0.3005963046494593,0.6090811733994159,closed
TATASTEEL,2025-09-25,168.8968720953728,2026-07-06,190.87,284,14919.753847241873,0.1703402048831204,0.2835149418408598,closed
DMART,2025-09-25,4576.2,2026-07-06,4064.7,284,-12787.5,-0.14138887901400554,-0.5313239155458238,closed
VEDL,2025-09-25,454.06671022175766,2026-07-06,282.0,284,-43360.81097588293,-0.4580670865958193,-1.431395817179755,closed
BAJAJ-AUTO,2025-09-25,8719.784081972522,2026-07-06,10036.5,284,17117.306934357206,0.1982571934506665,0.3539427748004819,closed
TITAN,2025-12-29,3970.6711538461536,2026-07-06,4469.733594976452,189,14472.810792778651,0.2570911847667554,0.2686557197836381,closed
ONGC,2026-04-01,288.05,2026-07-06,243.9,96,-16556.250000000004,-0.4690077304121413,-0.6711261072230813,closed
POWERGRID,2026-04-01,292.8,2026-07-06,285.4,96,-2730.6000000000126,-0.09280030640338677,-0.23991274374098762,closed
COALINDIA,2026-04-01,449.4,2026-07-06,432.35,96,-4091.999999999989,-0.1368418747114123,-0.2825839061418542,closed
NTPC,2026-04-01,364.65,2026-07-06,356.25,96,-2486.3999999999933,-0.08485176669541017,-0.2323750746054286,closed
BEL,2026-04-01,418.7,2026-07-06,425.55,96,1767.3000000000059,0.0636874735603088,-0.09965458677142276,closed
ADANIPOWER,2026-04-01,157.11,,211.31,122,37343.799999999996,1.4286077465182765,1.0074324959184189,open
HINDALCO,2026-04-01,899.9054128392755,,974.45,122,8945.350459286943,0.26904087905563867,0.12429505429911887,open
JSWSTEEL,2026-04-01,1133.8870978120979,,1270.0,122,12930.725707850703,0.4041032823315911,0.2496342801455443,open
SUNPHARMA,2026-04-01,1723.9817544960267,,1990.5,122,16524.13122124634,0.5378173701069098,0.3660415078071317,open
LICI,2026-07-06,429.1,,424.7,26,-1108.8000000000086,-0.13479853543971498,-0.18931474891035643,open
ADANIGREEN,2026-07-06,1549.2,,1383.0,26,-11467.800000000003,-0.7969344745867786,-0.5161882373414752,open
ADANIENT,2026-07-06,3206.6,,3009.5,26,-6504.299999999997,-0.5898249010098278,-0.3618453835440514,open
ADANIPORTS,2026-07-06,1864.4,,1696.5,26,-9738.200000000004,-0.734394947415685,-0.4581578340443874,open
DLF,2026-07-06,664.9515809051456,,659.3,26,-915.5561066336022,-0.11299815848228734,-0.18340308298235591,open
INDIGO,2026-07-06,5408.5,,5171.0,26,-4750.0,-0.4678546864473958,-0.3027058793456739,open
BAJFINANCE,2026-07-06,1029.1,,1141.2,26,11770.500000000015,3.2738319560046625,0.21220314545853888,open
ASIANPAINT,2026-07-06,2754.9,,2747.3,26,-296.39999999999645,-0.038064884025776013,-0.1640639359509542,open
NESTLEIND,2026-07-06,1468.6641197375616,,1509.6,26,2988.319259157998,0.47138268358391877,-0.06086958940690869,open
GRASIM,2026-07-06,3213.0,,3100.8,26,-3702.599999999994,-0.39306769321803603,-0.27241377679319634,open
HAL,2026-07-06,4440.6,,4646.5,26,4941.599999999991,0.8902810320592567,0.0014370939745915502,open
ETERNAL,2026-07-06,283.4,,302.45,26,7258.050000000005,1.494082149519691,0.07168467831197184,open
SHRIRAMFIN,2026-07-06,1062.3,,1046.7,26,-1575.5999999999908,-0.1876527670792758,-0.20424261266375024,open
ICICIBANK,2026-07-06,1426.9,,1435.4,26,637.5,0.08701532009135549,-0.1347017632445683,open
