ticker,status,buy_date,buy_price,buy_momentum_rank,sell_date,sell_price,sell_momentum_rank,holding_days
GNFC,closed,2008-04-15,114.88193685692502,13,2008-04-30,132.7316311965253,15,15
BALAJITELE,closed,2008-04-15,178.83020655050476,22,2008-05-15,171.30565687597533,34,30
DREDGECORP,closed,2008-04-15,615.2586199249382,24,2008-05-15,653.2829764195018,22,30
MRF,closed,2008-04-15,3974.9130474239073,26,2008-05-15,4151.2709966380535,27,30
LICHSGFIN,closed,2008-04-15,55.863141823026226,9,2008-05-15,67.41535679873611,8,30
ASHAPURMIN,closed,2008-04-15,210.46019182719434,11,2008-05-15,236.418280003224,7,30
TATAINVEST,closed,2008-04-15,44.063795785166086,18,2008-05-15,49.02753919802325,18,30
BOMDYEING,closed,2008-04-15,129.33315198224614,21,2008-05-30,167.3490893725793,11,45
STCINDIA,closed,2008-04-30,433.55,2,2008-05-30,305.4,2,30
RENUKA,closed,2008-04-15,26.3101547495339,1,2008-05-30,27.207367399978835,1,45
USHAMART,closed,2008-04-15,80.68534781628999,8,2008-05-30,90.60007275981717,8,45
FACT,closed,2008-05-15,35.83175772021837,19,2008-06-13,33.140638225236735,12,29
BEML,closed,2008-05-15,542.0934445143077,24,2008-06-13,451.030270701832,33,29
GTL,closed,2008-04-15,263.6555234464723,10,2008-06-13,227.55045736257105,27,59
MADHUCON,closed,2008-05-15,499.5567213114754,4,2008-06-13,406.4131147540984,6,29
DREDGECORP,closed,2008-05-30,598.1353935809346,22,2008-06-27,504.6690721330075,22,28
RIIL,closed,2008-04-15,884.2606546843301,6,2008-06-27,791.8773703537144,6,73
PTC,closed,2008-04-15,67.00037562919375,12,2008-06-27,52.24962980101582,16,73
PRAJIND,closed,2008-04-30,178.79934624402435,17,2008-06-27,148.40750363377532,12,58
GNFC,closed,2008-05-15,135.0545366242815,14,2008-06-27,96.38019888848092,17,43
LICHSGFIN,closed,2008-05-30,65.87570702410251,7,2008-06-27,52.94845891632993,11,28
MSPL,closed,2008-06-13,49.87196473937382,3,2008-07-11,49.6758114857283,3,28
BOMDYEING,closed,2008-06-13,136.8818161079725,18,2008-07-11,106.22653128357184,20,28
TATAINVEST,closed,2008-06-13,48.96966595643837,20,2008-07-11,41.32149449160554,18,28
SHRIRAMFIN,closed,2008-04-30,8.60972453155579,4,2008-07-11,7.934425902611052,4,72
NFL,closed,2008-05-30,49.62017171274898,9,2008-07-25,47.57622073071638,7,56
GTL,closed,2008-06-27,204.77573584098212,26,2008-07-25,193.36378034852288,25,28
REDINGTON,closed,2008-04-15,25.851978018210918,5,2008-07-25,23.67481129096214,15,101
EKC,closed,2008-04-30,345.051415956151,14,2008-07-25,279.9999238733252,10,86
TRIVENI,closed,2008-05-15,117.94234666287689,6,2008-07-25,84.24453333062635,5,71
MARICO,closed,2008-05-30,26.56151350916753,24,2008-07-25,22.84043460424546,20,56
USHAMART,closed,2008-06-13,89.67209357791067,8,2008-07-25,80.09925570140169,9,42
APOLLOTYRE,closed,2008-06-27,31.868347374937546,19,2008-07-25,28.9038499447108,29,28
AIAENG,closed,2008-06-27,242.75177366170723,33,2008-07-25,240.3859005861039,28,28
RENUKA,closed,2008-07-11,26.71026309365124,1,2008-07-25,30.032374799352752,2,14
PRAJIND,closed,2008-07-11,163.55846659184326,7,2008-08-08,167.46984278576585,24,28
KEC,closed,2008-07-11,75.9596977926226,32,2008-08-08,77.63541703157742,37,28
ASHAPURMIN,closed,2008-07-11,117.61010719754977,39,2008-08-08,136.1801241234787,36,28
UPL,closed,2008-05-15,33.82480722543065,23,2008-08-08,33.916168008429025,20,85
STCINDIA,closed,2008-06-27,250.55,2,2008-08-08,304.95,2,42
BALAJITELE,closed,2008-06-27,185.76842767896696,28,2008-08-08,179.51425652091652,34,42
RIIL,closed,2008-07-25,839.4058865390857,6,2008-08-08,853.2255729741248,6,14
LICHSGFIN,closed,2008-07-25,59.2523079936033,8,2008-08-08,65.7014070496157,7,14
3MINDIA,closed,2008-07-25,1511.949397083238,26,2008-08-25,1479.4323352116069,26,31
RAYMOND,closed,2008-07-25,203.80210441328924,34,2008-08-25,193.00594188718193,34,31
ENIL,closed,2008-07-25,306.79456015682433,35,2008-08-25,294.39832148983095,37,31
JAGRAN,closed,2008-07-25,50.98985743994168,36,2008-08-25,54.39439895742051,41,31
DREDGECORP,closed,2008-07-25,520.565706332025,17,2008-08-25,480.1372292332891,32,31
GNFC,closed,2008-07-25,96.33944616167818,21,2008-08-25,96.13568252766449,28,31
SHRIRAMFIN,closed,2008-08-08,8.57908968251096,8,2008-09-09,9.038612418183414,4,32
REDINGTON,closed,2008-08-08,23.46835582544717,16,2008-09-23,18.250663151523376,22,46
PVRINOX,closed,2008-08-25,184.01288699371122,19,2008-09-23,156.01923388407604,19,29
GODREJCP,closed,2008-06-27,39.152413706027815,24,2008-09-23,35.19762444279268,15,88
NDTV,closed,2008-07-25,398.3,16,2008-09-23,252.65,27,60
TRIVENI,closed,2008-08-08,103.98575912472408,4,2008-09-23,79.24036214095972,34,46
BOMDYEING,closed,2008-08-08,119.25573237729135,15,2008-09-23,82.79089035525818,28,46
AIAENG,closed,2008-08-08,278.2492955849032,17,2008-10-08,206.9243491184072,8,61
RIIL,closed,2008-09-09,842.4873031090606,5,2008-10-08,406.37348219790874,46,29
TATAINVEST,closed,2008-08-08,43.67649024532881,14,2008-10-08,28.896554702112862,23,61
STCINDIA,closed,2008-08-25,268.05,2,2008-10-08,157.5,6,44
MADHUCON,closed,2008-08-25,286.2085245901639,12,2008-10-08,111.48327868852459,33,44
UPL,closed,2008-08-25,30.80685602705109,22,2008-10-08,21.469784004617456,20,44
FACT,closed,2008-09-23,27.010866042223025,9,2008-10-08,20.631916128192493,10,15
GNFC,closed,2008-09-23,78.24523546126147,26,2008-10-23,43.93143949335409,26,30
SIMPLEXINF,closed,2008-04-15,566.26658394729,14,2008-10-23,217.0987005886286,21,191
APOLLOTYRE,closed,2008-08-08,31.405144651464617,27,2008-10-23,25.893032242136755,8,76
LICHSGFIN,closed,2008-08-25,62.92229078974248,7,2008-10-23,43.33291032380696,2,59
JAGRAN,closed,2008-09-23,54.5509296019023,31,2008-11-07,39.68051837613266,21,45
PTC,closed,2008-07-25,53.95574016186532,24,2008-11-07,45.034204733256495,13,105
NFL,closed,2008-09-23,39.095998571219404,8,2008-11-07,24.092528596724748,15,45
MRF,closed,2008-10-08,2510.4635786616823,11,2008-11-07,2007.390271130851,38,30
3MINDIA,closed,2008-10-08,1029.8322658651243,16,2008-11-24,893.0914420985833,9,47
DREDGECORP,closed,2008-10-08,370.38176409994884,19,2008-11-24,200.27796543330123,41,47
USHAMART,closed,2008-09-23,59.634872689885036,5,2008-11-24,19.585244839184195,40,62
RENUKA,closed,2008-10-08,18.126120438042943,1,2008-11-24,12.415483162913695,1,47
GTL,closed,2008-10-08,155.04518841479117,12,2008-12-10,200.4962525313099,4,63
TATAINVEST,closed,2008-10-23,26.038506925382546,19,2008-12-10,18.960164300770092,21,48
EKC,closed,2008-08-08,310.3373934226553,9,2008-12-10,152.5328182095006,8,124
AIAENG,closed,2008-10-23,180.40960425118726,9,2008-12-10,119.70752215204169,13,48
UPL,closed,2008-10-23,17.78794444978306,20,2008-12-10,35.033814920442445,2,48
APOLLOTYRE,closed,2008-11-07,23.90126053120316,9,2008-12-24,17.78698458136049,13,47
PRAJIND,closed,2008-11-07,65.05472819087333,24,2008-12-24,55.613475308991234,28,47
MARICO,closed,2008-08-08,24.38231812838444,18,2008-12-24,21.504135549991673,5,138
SHRIRAMFIN,closed,2008-10-08,6.352069351947642,2,2008-12-24,5.195936787994915,7,77
PTC,closed,2008-11-24,41.55089607985544,17,2008-12-24,46.562595264850835,10,30
REDINGTON,closed,2008-11-24,9.59079480710453,18,2008-12-24,7.740203088943069,25,30
GNFC,closed,2008-11-24,43.48315949852395,22,2008-12-24,41.93455588001982,22,30
MRF,closed,2008-12-10,1761.0537253877565,28,2008-12-24,1899.52517329642,32,14
BOMDYEING,closed,2008-12-10,32.253383082649115,29,2009-01-09,28.737566914502576,,30
BALAJITELE,closed,2008-12-10,69.91967911851702,34,2009-01-09,62.29740801964305,,30
DREDGECORP,closed,2008-12-10,201.6517486356855,35,2009-01-09,227.94988422418365,,30
ASHOKLEY,closed,2008-09-23,6.51531448324824,23,2009-01-09,3.4208214212564156,28,108
GODREJCP,closed,2008-10-23,30.920593091442093,5,2009-01-09,37.482613794884095,,78
LICHSGFIN,closed,2008-11-07,44.543326813298776,10,2009-01-09,43.67182694086467,,63
NDTV,closed,2008-12-10,114.75,18,2009-01-09,100.3,,30
ENIL,closed,2008-12-10,129.148064199951,27,2009-01-09,154.63196520460673,,30
EKC,closed,2008-12-24,181.12961327649208,8,2009-01-09,174.71398447015835,,16
AIAENG,closed,2008-12-24,122.58238784151987,11,2009-01-09,120.6501010666247,21,16
NFL,closed,2008-12-24,22.831367352491863,15,2009-01-09,21.874624339625537,27,16
BEML,closed,2008-12-24,147.795229947493,37,2009-01-09,156.55174984093378,,16
RIIL,closed,2008-12-24,334.56713849152277,39,2009-01-23,284.28402264511334,,30
FSL,closed,2008-12-24,10.217413049608627,40,2009-01-23,8.116251495052012,,30
KEC,closed,2008-12-24,28.93658194195175,41,2009-01-23,30.38762374104671,,30
TRIVENI,closed,2008-11-07,39.023353313914114,27,2009-01-23,41.91567244188657,31,77
3MINDIA,closed,2008-12-24,896.5217101861978,9,2009-01-23,896.0988004219713,16,30
TORNTPHARM,closed,2009-01-09,26.24004306421314,7,2009-01-23,25.839125675913476,6,14
CRISIL,closed,2009-01-09,195.900452634175,9,2009-01-23,193.0282597106899,8,14
SUNDARMFIN,closed,2009-01-09,84.45187533717946,14,2009-01-23,80.76234017771543,19,14
KANSAINER,closed,2009-01-09,12.111213464866958,17,2009-01-23,12.226280527091708,18,14
PRAJIND,closed,2009-01-09,50.982765562163344,34,2009-02-09,50.3533487033712,30,31
BRITANNIA,closed,2009-01-09,56.53740757461432,4,2009-02-09,61.6481210577425,2,31
EIDPARRY,closed,2009-01-23,65.46760228678947,2,2009-02-09,62.27875863176115,9,17
PFIZER,closed,2009-01-23,340.12609370611915,7,2009-02-09,346.90414845577936,6,17
PIDILITIND,closed,2009-01-23,22.559968430324712,13,2009-02-09,23.167764727179733,17,17
MOTILALOFS,closed,2009-01-23,12.946817368747764,39,2009-02-24,12.398405669573231,34,32
PHOENIXLTD,closed,2009-01-23,33.24495661189464,40,2009-02-24,26.30342950426563,42,32
PVRINOX,closed,2008-10-23,96.4491222326851,14,2009-02-24,76.52872403009485,31,124
BLUESTARCO,closed,2009-01-09,74.60072725488803,24,2009-02-24,63.68696034170028,33,46
SHRIRAMFIN,closed,2009-01-09,5.194604838036445,15,2009-03-12,4.874936848003433,18,62
SPARC,closed,2009-01-09,44.3,29,2009-03-12,42.4,20,62
CHENNPETRO,closed,2009-01-09,92.65282532267454,30,2009-03-12,62.097526302755455,35,62
APOLLOTYRE,closed,2009-01-23,16.49001695563629,22,2009-03-26,16.258415593899823,29,62
JINDALSAW,closed,2009-01-09,21.838968537644277,36,2009-03-26,17.23457373244978,42,76
GMDCLTD,closed,2009-01-23,33.96102761453422,38,2009-03-26,35.65462216748999,39,62
CRISIL,closed,2009-02-09,202.52339161068178,11,2009-03-26,225.32775866052896,7,45
ASHOKLEY,closed,2009-02-09,3.4208214212564156,23,2009-03-26,3.9947092254803542,25,45
SIMPLEXINF,closed,2009-02-09,142.90959938435583,35,2009-04-15,182.73845149858707,42,65
SHOPERSTOP,closed,2009-03-12,46.56107271237922,38,2009-04-15,62.18909551712124,43,34
RADICO,closed,2009-01-09,69.04644334465654,20,2009-04-15,69.3453456967979,26,96
AIAENG,closed,2009-01-23,108.39657517704563,21,2009-04-15,164.7156653233802,29,82
TRIVENI,closed,2009-02-09,46.506655184699994,26,2009-04-15,53.898137400629615,32,65
BLUESTARCO,closed,2009-03-12,62.754159750829544,32,2009-04-15,79.75445051944891,39,34
PTC,closed,2009-03-26,48.51751338665755,15,2009-04-15,51.96527807420757,18,20
NFL,closed,2009-01-23,20.439509820326048,30,2009-04-29,36.269257851387074,6,96
BRITANNIA,closed,2009-02-24,59.91177458796087,2,2009-04-29,71.54551940351195,1,64
PFIZER,closed,2009-03-12,336.5882797636135,5,2009-04-29,487.30153197917514,3,48
BASF,closed,2009-04-15,227.80584505684934,1,2009-04-29,205.98991070938558,4,14
CHAMBLFERT,closed,2009-04-15,30.93081616790917,11,2009-05-15,30.834157367384456,22,30
PIDILITIND,closed,2009-04-15,23.000918684905805,19,2009-05-15,22.428875111395193,24,30
EIDPARRY,closed,2009-02-24,59.68916076425493,4,2009-05-15,88.04632749521146,8,80
MOTILALOFS,closed,2009-03-26,17.420136326720414,19,2009-05-15,24.786058168574414,16,50
PRAJIND,closed,2009-03-26,47.56593118586316,32,2009-05-15,68.56147926128668,36,50
ASHOKLEY,closed,2009-04-15,5.142484833928231,20,2009-05-15,4.939936197143311,31,30
APOLLOTYRE,closed,2009-04-29,19.77875629229409,31,2009-05-29,29.04281076175268,30,30
IGL,closed,2009-02-09,9.68604824313092,4,2009-05-29,11.946126166528133,9,109
ITI,closed,2009-02-24,15.75,26,2009-05-29,41.55,,94
SPARC,closed,2009-03-26,41.25,28,2009-05-29,74.9,24,64
TRIVENI,closed,2009-04-29,47.424851733262685,33,2009-05-29,80.02082920723801,28,30
BRITANNIA,closed,2009-05-15,73.1097955024143,1,2009-06-12,69.94995778263151,11,28
BLUEDART,closed,2009-05-15,429.8597318733202,21,2009-06-12,508.04280040436447,22,28
3MINDIA,closed,2009-05-15,1009.7205570774682,28,2009-06-12,1173.0577060164705,35,28
JINDALSAW,closed,2009-05-15,30.12982442887403,34,2009-06-12,40.25163902195619,27,28
JAGRAN,closed,2009-03-26,43.20245787697284,24,2009-06-12,62.768788437196044,15,78
FACT,closed,2009-04-15,25.764977387138938,4,2009-06-12,44.90182712923052,4,58
SHRIRAMFIN,closed,2009-04-29,5.899206366067542,18,2009-06-12,7.978380251240591,18,44
SUNDARMFIN,closed,2009-05-29,137.78037126170233,13,2009-06-26,123.15804173401055,20,28
CHAMBLFERT,closed,2009-05-29,41.07999022300437,17,2009-06-26,41.91769982755191,25,28
BERGEPAINT,closed,2009-02-24,9.684498633628362,5,2009-06-26,11.780397591652411,11,122
TORNTPHARM,closed,2009-04-15,29.687932603590266,5,2009-06-26,37.570632570925,7,72
CRISIL,closed,2009-04-29,254.49741208639375,11,2009-06-26,291.8992772885416,19,58
ASHOKLEY,closed,2009-05-29,7.303003626300704,21,2009-06-26,7.201729307908244,18,28
BANARISUG,closed,2009-06-12,1140.00050491629,2,2009-06-26,1019.3526109487111,6,14
PTC,closed,2009-06-12,66.96483166334274,12,2009-06-26,67.85343080961852,10,14
TRIVENI,closed,2009-06-12,89.937351931715,20,2009-07-10,84.93318074204836,8,28
APOLLOTYRE,closed,2009-06-12,28.672248582974333,29,2009-07-10,29.135451306447262,19,28
EMAMILTD,closed,2009-04-15,31.211665963038953,14,2009-07-10,48.06256993492444,2,86
PFIZER,closed,2009-05-29,510.58198930365506,7,2009-07-10,495.47841249082126,3,42
BRITANNIA,closed,2009-06-26,69.69073488624197,14,2009-07-10,70.56002546120345,10,14
RADICO,closed,2009-06-26,77.96369685020743,32,2009-07-24,86.43259682754625,21,28
JAICORPLTD,closed,2009-06-26,268.5360776468177,36,2009-07-24,220.2277517904234,41,28
GMDCLTD,closed,2009-06-26,76.43459627155667,38,2009-07-24,82.76329170628614,39,28
BASF,closed,2009-05-15,219.14872825230023,3,2009-07-24,263.5226355304748,23,70
PIDILITIND,closed,2009-05-29,29.56750220582969,20,2009-07-24,28.411497484360332,29,56
AIAENG,closed,2009-06-12,228.76390256929542,25,2009-07-24,203.1257560926377,32,42
BLUESTARCO,closed,2009-06-26,145.19041196903186,27,2009-07-24,168.55706677034408,22,28
MOTILALOFS,closed,2009-07-10,30.044358578306685,6,2009-08-07,30.076618090022833,6,28
ASAHIINDIA,closed,2009-05-29,61.06845325139867,12,2009-08-07,53.230260226442546,16,70
JAIBALAJI,closed,2009-06-26,32.25,43,2009-08-07,41.64,33,42
ASHOKLEY,closed,2009-07-10,6.999180671123325,15,2009-08-07,7.34801443447513,17,28
EMAMILTD,closed,2009-07-24,54.98827731883539,1,2009-08-07,55.936229095591344,3,14
BRITANNIA,closed,2009-07-24,81.34682650320593,6,2009-08-21,73.15895846552266,14,28
PARSVNATH,closed,2009-07-24,56.3,27,2009-08-21,56.875,29,28
SPARC,closed,2009-06-26,69.15,30,2009-08-21,67.15,36,56
JAGRAN,closed,2009-07-10,61.086084009016844,9,2009-08-21,74.97817870677532,3,42
SUNDARMFIN,closed,2009-07-10,121.75466026231258,18,2009-08-21,133.5928620316358,22,42
FACT,closed,2009-07-24,36.62912645947218,3,2009-08-21,34.48619797272755,13,28
CRISIL,closed,2009-07-24,315.1429209031571,17,2009-08-21,319.53568655084024,20,28
SHRIRAMFIN,closed,2009-07-24,7.905123003524692,20,2009-09-04,9.856429692684536,19,42
TRIVENI,closed,2009-08-07,100.35888275790147,14,2009-09-04,102.60846430188006,18,28
NFL,closed,2009-05-15,36.791117676586886,12,2009-09-04,42.7490173476181,39,112
BANARISUG,closed,2009-08-21,1329.668363008238,5,2009-09-04,1295.4324674461866,11,14
AIAENG,closed,2009-08-21,241.7714915905409,30,2009-09-18,269.90747219084363,38,28
SIMPLEXINF,closed,2009-08-21,377.03721655193175,32,2009-09-18,458.477255327149,29,28
RADICO,closed,2009-08-07,82.6465003670889,21,2009-09-18,114.87813733966667,2,42
BASF,closed,2009-08-07,285.98166998341935,23,2009-09-18,297.26065644877474,24,42
ASTRAZEN,closed,2009-08-21,842.4192299363727,4,2009-09-18,783.7710068981181,13,28
TORNTPHARM,closed,2009-08-21,48.68711371067237,10,2009-10-07,63.26660925155764,3,47
ITI,closed,2009-08-21,37.45,28,2009-10-07,40.3,,47
PFIZER,closed,2009-08-07,524.773269530479,5,2009-10-07,594.7835853161434,6,61
JINDALSAW,closed,2009-08-21,55.53253564090126,21,2009-10-07,70.36182850496586,29,47
EMAMILTD,closed,2009-09-04,57.08933461507806,9,2009-10-07,62.387960591124326,5,33
BIRLACORPN,closed,2009-09-18,272.813380154942,1,2009-10-22,287.1719791104653,2,34
JAGRAN,closed,2009-09-18,79.75236336346978,11,2009-10-22,90.20078388262898,9,34
SHRIRAMFIN,closed,2009-09-18,10.734184715316848,19,2009-10-22,10.2973051289384,23,34
IGL,closed,2009-06-12,13.260020673582467,7,2009-10-22,14.72189647324019,27,132
BERGEPAINT,closed,2009-07-10,11.549125982491137,12,2009-10-22,16.232376068006943,22,104
APOLLOTYRE,closed,2009-07-24,34.64756371577512,13,2009-10-22,48.358364330573835,33,90
ASAHIINDIA,closed,2009-09-04,56.65326857278415,21,2009-10-22,70.79178130767338,26,48
PARSVNATH,closed,2009-10-07,68.175,20,2009-11-06,56.025,24,30
SUNDARMFIN,closed,2009-10-07,137.37293793120935,23,2009-11-06,132.64218426048555,42,30
CRISIL,closed,2009-10-07,346.5976572284417,24,2009-11-06,349.8795600248357,26,30
EIDPARRY,closed,2009-06-12,112.2087737135133,3,2009-11-06,136.499629743427,19,147
KANSAINER,closed,2009-08-07,21.48026539051876,18,2009-11-20,37.383829920257746,4,105
FACT,closed,2009-09-18,37.32682410631927,8,2009-11-20,39.4697525930639,24,63
PTC,closed,2009-10-22,68.42213426323501,19,2009-11-20,78.4455326332258,25,29
JINDALSAW,closed,2009-10-22,77.2095158751645,20,2009-11-20,85.64763386037701,22,29
NFL,closed,2009-10-22,48.880870293715915,21,2009-11-20,56.14341952774666,12,29
BANARISUG,closed,2009-11-06,1203.4390712197714,6,2009-12-04,1212.9075139516344,40,28
PHOENIXLTD,closed,2009-11-06,87.9342737527146,9,2009-12-04,90.46297291335088,8,28
GMDCLTD,closed,2009-09-18,100.50146623461242,20,2009-12-04,124.83574586392434,1,77
RADICO,closed,2009-10-07,112.18801617039432,2,2009-12-04,116.12356380692238,32,58
ASTRAZEN,closed,2009-10-22,894.7699798451097,8,2009-12-04,915.7775810481568,31,43
PFIZER,closed,2009-10-22,613.4349821856832,13,2009-12-04,659.9621080721986,25,43
SOBHA,closed,2009-10-22,223.57564573931987,14,2009-12-04,223.11824875540145,14,43
AIAENG,closed,2009-11-20,321.6550546014506,14,2009-12-04,330.8451990186349,16,14
APOLLOTYRE,closed,2009-11-20,48.21940351353195,16,2009-12-18,44.23586009166476,24,28
EMAMILTD,closed,2009-11-20,67.74318070309633,19,2009-12-18,72.32730571308029,26,28
PIDILITIND,closed,2009-11-20,43.51106431015083,28,2009-12-18,45.262947754027074,31,28
TORNTPHARM,closed,2009-11-06,78.41985865772018,3,2009-12-18,80.62266367619547,5,42
SHRIRAMFIN,closed,2009-11-20,11.67054553612188,21,2010-01-06,12.598914657176085,26,47
JAICORPLTD,closed,2009-12-04,193.7497189595134,22,2010-01-06,202.669623636593,31,33
PURVA,closed,2009-12-04,82.02120899557755,23,2010-01-06,82.5838874741752,,33
MOTILALOFS,closed,2009-09-04,33.47461999079052,10,2010-01-06,38.109236507343915,28,124
ASHOKLEY,closed,2009-09-04,8.934645422623666,15,2010-01-06,11.646546615132863,5,124
JAIBALAJI,closed,2009-10-07,45.86000000000001,18,2010-01-06,54.56,,91
JAGRAN,closed,2009-11-06,88.90940606565424,17,2010-01-06,106.55823623097558,27,61
JINDALSAW,closed,2009-12-04,95.88725812864539,4,2010-01-06,94.6649827485884,,33
NFL,closed,2009-12-04,54.88225828351378,13,2010-01-06,60.01387989797861,25,33
JAYNECOIND,closed,2009-12-04,27.0,17,2010-01-06,31.2,17,33
GMDCLTD,closed,2009-12-18,123.63240236577154,1,2010-01-20,158.70763692303984,,33
ITI,closed,2009-12-18,42.7,8,2010-01-20,59.35,,33
PARSVNATH,closed,2009-12-18,60.225,11,2010-01-20,64.325,25,33
TRIVENI,closed,2009-11-20,95.95153932480059,9,2010-01-20,113.50802709728721,30,61
KANSAINER,closed,2009-12-04,35.51358499339351,11,2010-02-04,33.163623863451434,30,62
USHAMART,closed,2010-01-06,83.66464940030555,7,2010-02-04,79.70852762480949,7,29
BIRLACORPN,closed,2010-01-06,346.95161276196046,14,2010-02-04,341.01672519367753,26,29
EIDPARRY,closed,2009-12-04,146.4513901433476,18,2010-02-04,152.5294545596432,32,62
AIAENG,closed,2009-12-18,316.6593863541607,14,2010-02-04,321.7493124929089,22,48
BALRAMCHIN,closed,2010-01-06,124.21604418246592,9,2010-02-04,103.39673536878502,33,29
MRF,closed,2010-01-06,6032.521504598887,10,2010-02-04,5758.054850696952,16,29
TORNTPHARM,closed,2010-01-06,79.38294550300705,11,2010-02-04,92.5690387996475,12,29
BLUESTARCO,closed,2010-01-06,182.15263538228524,24,2010-02-04,170.65586809980326,31,29
HAVELLS,closed,2010-01-20,58.219102610451564,2,2010-02-18,53.63642480575875,4,29
NFL,closed,2010-01-20,90.93407454106759,5,2010-02-18,124.85496317905552,1,29
IPCALAB,closed,2010-01-20,114.10697307922975,13,2010-02-18,108.24253597182265,15,29
FACT,closed,2010-01-20,63.739663594101934,15,2010-03-05,52.02831023631151,32,44
PARSVNATH,closed,2010-02-04,62.475,15,2010-03-05,62.35,16,29
PENINLAND,closed,2010-01-06,80.2,6,2010-03-19,74.95,10,72
STCINDIA,closed,2010-01-06,368.2,15,2010-03-19,474.6,5,72
ELECTCAST,closed,2010-02-04,41.05799223632503,20,2010-04-06,47.005233601028756,16,61
MOTILALOFS,closed,2010-02-04,36.31345702181162,24,2010-04-06,34.92629801801722,34,61
USHAMART,closed,2010-02-18,83.86001343860164,10,2010-04-06,102.27307404800924,6,47
MCLEODRUSS,closed,2010-01-06,302.2,1,2010-04-06,259.3,5,90
JAICORPLTD,closed,2010-02-04,267.12767164517356,6,2010-04-06,250.9779494929873,25,61
TRIVENI,closed,2010-03-19,125.89408217142115,14,2010-04-21,107.91581566456256,28,33
IPCALAB,closed,2010-03-19,122.9756144658814,15,2010-04-21,127.24676751464764,6,33
SOBHA,closed,2010-02-04,251.5683411551267,14,2010-04-21,308.6057450497527,7,76
APOLLOTYRE,closed,2010-02-04,51.13758067141141,19,2010-04-21,70.36049369553798,3,76
EMAMILTD,closed,2010-02-04,78.48899226199391,27,2010-05-05,90.18982986463817,7,90
PENINLAND,closed,2010-04-06,78.3,13,2010-05-05,71.9,30,29
HTMEDIA,closed,2010-02-04,148.1344082062998,28,2010-05-05,137.77880710000056,32,90
KANSAINER,closed,2010-02-18,34.03554047580236,23,2010-05-05,48.18554780375009,5,76
STCINDIA,closed,2010-04-06,471.05,4,2010-05-05,413.75,23,29
PIDILITIND,closed,2010-04-06,54.98768850370746,28,2010-05-05,55.464391481632966,15,29
IGL,closed,2010-04-21,21.008859268087203,29,2010-05-19,21.66804866241139,21,28
BIRLACORPN,closed,2010-04-21,395.14864325600024,30,2010-05-19,360.01793781148666,26,28
EIDPARRY,closed,2010-04-21,153.6423395936128,32,2010-05-19,153.8563559462993,30,28
PRAKASH,closed,2010-01-06,208.86665779693774,2,2010-05-19,159.71321330067087,14,133
NFL,closed,2010-03-05,101.84964255149703,7,2010-05-19,90.41221471586778,12,75
MCLEODRUSS,closed,2010-04-21,249.2,10,2010-05-19,201.85,16,28
TORNTPHARM,closed,2010-05-05,105.30432548785578,2,2010-05-19,108.61365581793724,1,14
IPCALAB,closed,2010-05-05,126.57490074293162,4,2010-05-19,118.20056133832819,7,14
SOBHA,closed,2010-05-05,275.8103813028025,10,2010-06-02,261.4023763093725,22,28
SIMPLEXINF,closed,2009-10-22,515.6896123161905,12,2010-06-02,475.1155428188601,34,223
SHRIRAMFIN,closed,2010-04-06,14.375735901776244,27,2010-06-02,15.54918381518909,10,57
EMAMILTD,closed,2010-05-19,91.73202006861426,6,2010-06-02,93.55010668522827,6,14
PARSVNATH,closed,2010-05-19,60.475,10,2010-06-02,61.9,32,14
HTMEDIA,closed,2010-05-19,152.03008671771718,18,2010-06-16,153.46014591811087,22,28
FACT,closed,2010-05-19,50.28406611919379,27,2010-06-16,52.27748796732833,37,28
JAYNECOIND,closed,2010-01-20,34.3,24,2010-06-16,39.2,14,147
MRF,closed,2010-02-18,5730.172366729648,11,2010-06-16,7400.199439307633,5,118
ASHOKLEY,closed,2010-04-06,12.625531692926641,24,2010-06-16,14.054624852464682,10,71
APOLLOTYRE,closed,2010-05-05,64.3851785627372,6,2010-06-16,60.031072962091656,4,42
ELECTCAST,closed,2010-05-05,43.6131033411607,22,2010-06-30,43.21662058351378,22,56
STCINDIA,closed,2010-06-02,423.8,23,2010-06-30,425.15,34,28
BLUESTARCO,closed,2010-05-05,186.25695798211652,19,2010-06-30,191.64388139439507,30,56
MCLEODRUSS,closed,2010-06-16,182.95,11,2010-06-30,201.05,15,14
APOLLOHOSP,closed,2010-06-16,380.36510027667265,20,2010-06-30,370.8831346504559,28,14
ASTRAZEN,closed,2010-06-16,867.5830823617556,24,2010-07-14,1214.2856592723774,13,28
UNITDSPR,closed,2010-06-16,48.75186769272483,27,2010-07-14,51.109199093158345,29,28
PIDILITIND,closed,2010-05-19,56.989841010994596,9,2010-07-14,61.08948662115398,7,56
JAGRAN,closed,2010-05-19,88.55721211557024,20,2010-07-28,96.34461167853905,21,70
ASHOKLEY,closed,2010-06-30,14.324689701511241,9,2010-07-28,16.316417963229615,8,28
EIDPARRY,closed,2010-06-30,177.03432694224338,20,2010-07-28,170.20720529154516,28,28
TORNTPHARM,closed,2010-06-02,115.66263187705817,1,2010-07-28,114.9643821615072,1,56
PHOENIXLTD,closed,2010-06-02,97.62762053515368,18,2010-07-28,110.86610437613186,9,56
EMAMILTD,closed,2010-06-16,101.2186121031644,8,2010-07-28,122.30420161650405,4,42
MRF,closed,2010-06-30,7674.368944179722,6,2010-07-28,7434.32205290172,10,28
HAVELLS,closed,2010-07-14,61.06895537024491,4,2010-08-11,66.75434002169193,2,28
PARSVNATH,closed,2010-07-14,67.575,18,2010-08-11,67.45,41,28
PRAKASH,closed,2010-06-02,152.33310036379152,21,2010-08-11,163.6871202666828,26,70
SOBHA,closed,2010-06-16,271.5539249039113,31,2010-08-11,338.6464324332719,12,56
BLUESTARCO,closed,2010-07-28,207.64141152782838,31,2010-08-25,207.31493132102364,30,28
AIAENG,closed,2010-02-18,316.6122574084315,21,2010-08-25,348.6111196826966,18,188
HTMEDIA,closed,2010-06-30,147.2960976405518,23,2010-08-25,166.69415477082143,15,56
PFIZER,closed,2010-07-14,833.3322481765633,24,2010-08-25,762.1731144677751,25,42
SPARC,closed,2010-07-28,95.2,27,2010-08-25,96.5,27,28
IPCALAB,closed,2010-07-28,132.88564934869294,3,2010-09-08,138.0446263457982,7,42
MCLEODRUSS,closed,2010-07-28,224.6,15,2010-09-08,250.6,33,42
UNITDSPR,closed,2010-07-28,54.986261041934,22,2010-09-08,59.07320905109451,16,42
TORNTPHARM,closed,2010-08-25,111.91965390680195,2,2010-09-08,111.48469272755834,9,14
ASHOKLEY,closed,2010-08-25,15.69751935083125,10,2010-09-08,16.631493620450602,12,14
SOBHA,closed,2010-08-25,332.74007688735844,14,2010-09-23,339.0155796548915,18,29
CRISIL,closed,2010-05-19,460.41795258748715,29,2010-09-23,526.3713089955174,16,127
USHAMART,closed,2010-07-28,80.2946197396978,16,2010-09-23,88.25570430026393,29,57
PHOENIXLTD,closed,2010-08-11,120.26195713967256,11,2010-09-23,119.04718989583748,25,43
PTC,closed,2010-09-08,90.03286550066197,25,2010-10-07,85.58986976928307,22,29
PFIZER,closed,2010-09-08,767.4441614091669,27,2010-10-07,739.1967560052983,29,29
KANSAINER,closed,2010-05-19,48.653919366890264,3,2010-10-07,65.96421924889803,2,141
SHRIRAMFIN,closed,2010-07-28,17.678971798784033,11,2010-10-07,20.87165584923874,5,71
ASTRAZEN,closed,2010-08-11,1182.143947724282,16,2010-10-07,1021.1436346596159,32,57
AIAENG,closed,2010-09-08,388.10333291488473,18,2010-10-07,392.41243531791724,25,29
TORNTPHARM,closed,2010-09-23,117.18061293193894,5,2010-10-21,116.76636418980216,13,28
IPCALAB,closed,2010-09-23,144.9312607558876,6,2010-10-21,143.1556128592095,10,28
UNITDSPR,closed,2010-09-23,61.253692011759306,11,2010-10-21,61.8231051200256,16,28
APOLLOHOSP,closed,2010-08-11,390.2915330416182,24,2010-10-21,512.3224552415219,9,71
WOCKPHARMA,closed,2010-08-25,223.75374648827497,23,2010-10-21,300.35920894907906,12,57
EMAMILTD,closed,2010-09-08,131.73632900118784,3,2010-10-21,136.0961945294556,4,43
HTMEDIA,closed,2010-09-08,170.45008591893358,22,2010-10-21,160.07185511493938,26,43
PIDILITIND,closed,2010-10-07,73.57448308992737,6,2010-10-21,70.4288377619964,8,14
SOBHA,closed,2010-10-07,349.67470567915717,19,2010-10-21,334.8626734116711,20,14
BLUESTARCO,closed,2010-10-07,229.0258650735403,23,2010-11-04,208.36433198575324,29,28
USHAMART,closed,2010-10-07,90.01398064492886,24,2010-11-04,82.9808752662692,28,28
JAGRAN,closed,2010-10-07,108.74966525372056,27,2010-11-04,101.97971487988336,39,28
JAYNECOIND,closed,2010-09-23,37.8,12,2010-11-04,37.95,11,42
COROMANDEL,closed,2010-10-21,301.63993040520955,1,2010-11-04,293.1862986952211,1,14
EIDPARRY,closed,2010-10-21,222.91943295822134,15,2010-11-04,224.71717032078766,13,14
PTC,closed,2010-10-21,96.00425176363521,22,2010-11-04,100.26952766575894,32,14
BIRLACORPN,closed,2010-10-21,392.2769234648956,23,2010-11-19,386.4362645673272,18,29
FACT,closed,2010-10-21,49.9850528419736,24,2010-11-19,52.97518561417541,21,29
IGL,closed,2010-06-30,23.14337730685124,12,2010-11-19,27.632143182487376,5,142
APOLLOTYRE,closed,2010-08-25,68.32240171225709,13,2010-11-19,57.62241880003243,29,86
KANSAINER,closed,2010-10-21,61.368019411301,3,2010-11-19,60.645203780987785,12,29
SHRIRAMFIN,closed,2010-10-21,20.45075966236194,7,2010-11-19,21.761713243251556,7,29
ASHOKLEY,closed,2010-10-21,17.22788682876175,11,2010-11-19,16.73276793884306,17,29
GESHIP,closed,2010-11-04,264.99878875084755,19,2010-11-19,264.49519393036263,19,15
JAICORPLTD,closed,2010-11-04,229.57017826799625,21,2010-11-19,212.1059438476088,40,15
CRISIL,closed,2010-11-04,531.5000282642079,22,2010-12-03,511.7942383994145,14,29
UNITDSPR,closed,2010-11-04,58.529060005652305,24,2010-12-03,54.55094180558024,32,29
STCINDIA,closed,2010-11-04,405.2,26,2010-12-03,345.2,35,29
NFL,closed,2010-06-02,95.58732464909927,17,2010-12-03,98.4140653689316,6,184
WOCKPHARMA,closed,2010-11-04,336.82904874636984,6,2010-12-03,355.67493245605226,,29
APOLLOHOSP,closed,2010-11-04,508.2234805176885,8,2010-12-03,499.67983440656616,5,29
IPCALAB,closed,2010-11-19,160.52963426918035,8,2010-12-03,159.25387019416664,9,14
SOBHA,closed,2010-11-19,284.2895040497872,23,2010-12-03,299.9321175659173,15,14
INDIACEM,closed,2010-11-19,109.76458333333332,30,2010-12-03,107.02291666666666,39,14
USHAMART,closed,2010-11-19,81.56448598862245,31,2010-12-20,66.03304494408236,38,31
PARSVNATH,closed,2010-11-19,61.7,35,2010-12-20,51.25,41,31
HTMEDIA,closed,2010-11-19,140.74857776083587,37,2010-12-20,138.0304696931231,33,31
PHOENIXLTD,closed,2010-10-07,125.54247597511889,18,2010-12-20,108.41177872022018,26,74
PFIZER,closed,2010-10-21,772.8165746378928,25,2010-12-20,729.7696912831941,25,60
JAYNECOIND,closed,2010-11-19,36.2,10,2010-12-20,28.35,40,31
SPARC,closed,2010-11-19,95.05,32,2010-12-20,91.4,28,31
HAVELLS,closed,2010-12-03,73.581731719693,2,2010-12-20,72.87301791684811,8,17
IGL,closed,2010-12-03,29.95948532979522,4,2010-12-20,30.09401377761648,2,17
TORNTPHARM,closed,2010-12-03,116.9424199052103,13,2011-01-03,119.9560795042553,14,31
JAGRAN,closed,2010-12-03,106.44083824761424,26,2011-01-03,102.13624552436514,,31
MRF,closed,2010-08-11,7249.766025875061,15,2011-01-03,7291.745259173179,,145
COROMANDEL,closed,2010-11-19,286.7731987772989,1,2011-01-03,277.0190083426969,,45
SHRIRAMFIN,closed,2010-12-03,23.122242530887636,3,2011-01-03,21.160486298864214,10,31
EMAMILTD,closed,2010-12-03,123.58651500717102,7,2011-01-03,115.87838673660615,11,31
EIDPARRY,closed,2010-12-20,217.2694012472987,11,2011-01-03,241.11082293657077,16,14
APOLLOTYRE,closed,2010-12-20,62.115485217719836,15,2011-01-03,63.505093388138626,18,14
AIAENG,closed,2010-12-20,401.36210953960017,18,2011-01-17,367.362818051937,23,28
CHENNPETRO,closed,2010-12-20,194.89859336090507,24,2011-01-17,179.54198958991222,,28
JAICORPLTD,closed,2010-12-20,195.25201869460048,31,2011-01-17,179.57176520962898,35,28
GESHIP,closed,2010-12-03,263.12829370333236,16,2011-01-17,225.6824216944234,25,45
IPCALAB,closed,2011-01-03,163.56258282487337,12,2011-02-01,144.5405970998098,16,29
PIDILITIND,closed,2010-12-03,73.2142946935994,10,2011-02-01,64.83391133903521,11,60
NFL,closed,2010-12-20,95.50034801156596,3,2011-02-01,87.1940791271356,39,43
CRISIL,closed,2010-12-20,509.21387112721675,14,2011-02-01,501.92208699483706,18,43
SHOPERSTOP,closed,2011-01-03,373.1266020808492,4,2011-02-01,340.17509720447487,3,29
IGL,closed,2011-01-03,31.394455439888688,5,2011-02-01,27.85635726218948,8,29
BERGEPAINT,closed,2011-01-03,29.617220448215694,8,2011-02-01,24.601517424530552,9,29
EMAMILTD,closed,2011-01-17,116.61927891788042,8,2011-02-01,115.33696552721342,10,15
SHRIRAMFIN,closed,2011-01-17,20.180959254637646,9,2011-02-15,19.235209005039575,9,29
PFIZER,closed,2011-01-17,840.1237894279719,17,2011-02-15,824.3735447578186,15,29
KANSAINER,closed,2010-12-03,59.00185165287657,8,2011-02-15,53.28739444999675,8,74
BLUESTARCO,closed,2010-12-20,199.36280628385052,23,2011-02-15,164.2195440227951,25,57
RCF,closed,2011-01-03,91.3725041659036,22,2011-02-15,76.84502895193542,33,43
WHIRLPOOL,closed,2011-02-01,220.35593604662014,7,2011-02-15,218.21945233748718,7,14
TORNTPHARM,closed,2011-02-01,121.53022472437503,12,2011-02-15,117.08740696495815,19,14
PHOENIXLTD,closed,2011-02-01,98.54489376009037,23,2011-02-15,92.22314585849966,27,14
SUNTECK,closed,2011-02-01,233.2874730157167,25,2011-03-01,172.71293497778603,46,28
EDELWEISS,closed,2011-02-01,33.460199843353536,29,2011-03-01,33.330173160024444,29,28
JAYNECOIND,closed,2011-02-01,26.5,31,2011-03-01,24.8,33,28
UNITDSPR,closed,2011-01-17,52.075063648818244,22,2011-03-01,43.91865813552932,36,43
HTMEDIA,closed,2011-02-01,144.75160964237648,27,2011-03-01,134.7193198651821,25,28
UPL,closed,2011-02-01,53.20852001825194,28,2011-03-01,54.725109016024916,30,28
IGL,closed,2011-02-15,27.51555186104228,11,2011-03-16,26.999859477727437,9,29
APOLLOTYRE,closed,2011-02-15,51.97134557366269,24,2011-03-16,63.13453120936029,23,29
PIDILITIND,closed,2011-02-15,68.12363202549737,10,2011-03-16,65.57830069144637,16,29
BERGEPAINT,closed,2011-02-15,23.372887000861283,12,2011-03-16,25.111822507841733,5,29
BAYERCROP,closed,2011-02-15,680.048101432941,14,2011-03-16,710.1903038181683,13,29
EMAMILTD,closed,2011-03-01,108.25574602541911,12,2011-03-16,103.49693855338833,15,15
PFIZER,closed,2011-03-01,826.2164829245303,15,2011-03-30,824.3735447578186,15,29
PHOENIXLTD,closed,2011-03-01,89.54569968841419,22,2011-03-30,91.35545497004604,28,29
ASHOKLEY,closed,2010-12-20,14.470974828078127,17,2011-03-30,12.69304790518828,26,100
CRISIL,closed,2011-02-15,510.5575449638172,20,2011-03-30,529.988520098916,16,43
GESHIP,closed,2011-02-15,204.27964182381743,21,2011-03-30,191.18617649121143,30,43
3MINDIA,closed,2011-03-01,3103.1238899982245,7,2011-03-30,3125.773057371239,7,29
NCC,closed,2011-03-16,86.18633289354423,22,2011-03-30,92.1348447123514,24,14
GMDCLTD,closed,2011-03-16,118.46162802581074,26,2011-04-15,130.77109934290993,26,30
IPCALAB,closed,2011-03-01,132.77931543103662,16,2011-04-15,150.55406555057883,19,45
SHRIRAMFIN,closed,2011-03-30,20.85919729077797,6,2011-05-02,19.898585251543363,10,33
KANSAINER,closed,2011-03-16,48.32816613439486,10,2011-05-02,55.87073103008479,16,47
NFL,closed,2011-03-16,89.36849506546815,24,2011-05-02,92.63011897296698,24,47
CRISIL,closed,2011-04-15,585.9233489910368,17,2011-05-16,580.8257261612271,11,31
NCC,closed,2011-04-15,99.96183394762396,23,2011-05-16,86.58886376850111,27,31
MSPL,closed,2011-01-03,67.78578595317725,6,2011-05-16,52.70579710144928,7,133
WHIRLPOOL,closed,2011-03-16,244.20505652066245,8,2011-05-16,246.49059723275818,22,61
JUBLFOOD,closed,2011-03-30,53.37569167308518,3,2011-05-16,66.18841530083924,2,47
BERGEPAINT,closed,2011-03-30,24.748304521335626,8,2011-05-16,28.87786884804498,5,47
TORNTPHARM,closed,2011-03-30,121.5716495985887,19,2011-05-30,121.2506068234327,22,61
SHOPERSTOP,closed,2011-03-01,343.0642692117761,4,2011-05-30,384.4093169024649,3,90
HTMEDIA,closed,2011-03-16,131.30932974386968,27,2011-05-30,154.63563897951383,21,75
EMAMILTD,closed,2011-03-30,112.60136362712386,12,2011-05-30,123.7717380524896,10,61
RCF,closed,2011-05-16,71.44151682966677,23,2011-06-13,72.68166715281038,25,28
PHOENIXLTD,closed,2011-05-16,99.3382111438194,26,2011-06-13,94.99975670155126,30,28
HAVELLS,closed,2011-02-15,63.6501612663126,18,2011-06-13,81.60743667623377,8,118
IPCALAB,closed,2011-05-02,144.2266409156331,18,2011-06-13,167.99070901023842,13,42
KANSAINER,closed,2011-05-16,56.39906711860969,17,2011-06-13,55.822111144637724,22,28
SHRIRAMFIN,closed,2011-05-16,16.661417254347686,19,2011-06-27,16.233127498458277,20,42
MSPL,closed,2011-05-30,50.33255295429208,7,2011-06-27,44.39944258639911,22,28
BFUTILITIE,closed,2011-05-30,758.55,20,2011-06-27,682.25,25,28
3MINDIA,closed,2011-05-02,3772.1201470306105,4,2011-06-27,3740.5428846350383,4,56
PFIZER,closed,2011-05-02,901.7428192751431,9,2011-06-27,977.132641687481,7,56
IGL,closed,2011-03-30,26.89223671947043,10,2011-07-11,35.19712623163638,6,103
GMDCLTD,closed,2011-05-30,131.99750423428145,17,2011-07-11,142.53550181939957,10,42
TORNTPHARM,closed,2011-06-13,124.43159164087884,20,2011-07-25,137.78185742190647,18,42
BAJFINANCE,closed,2011-01-03,6.831977157537248,1,2011-07-25,7.032646795225822,1,203
PIDILITIND,closed,2011-03-30,70.28476240346521,11,2011-07-25,85.2926122504641,12,117
EIDPARRY,closed,2011-05-16,190.45016720749297,13,2011-07-25,230.21733784546242,11,70
CRISIL,closed,2011-06-13,603.1766303168833,12,2011-07-25,705.7214910317991,7,42
SHRIRAMFIN,closed,2011-07-11,17.749030041385467,23,2011-08-08,16.208808206325756,28,28
BFUTILITIE,closed,2011-07-11,745.85,24,2011-08-08,581.9,39,28
SHOPERSTOP,closed,2011-06-13,438.7058253155382,3,2011-08-08,387.7710750853243,9,56
BERGEPAINT,closed,2011-06-27,29.168683237249866,6,2011-08-23,29.008735323187178,16,57
BAYERCROP,closed,2011-05-16,782.740366702092,20,2011-08-23,655.2993089983172,35,99
JUBLFOOD,closed,2011-05-30,82.2522753270368,2,2011-08-23,92.41883952610306,2,85
MFSL,closed,2011-06-13,167.38872462081383,19,2011-08-23,171.96959449315108,8,71
APOLLOTYRE,closed,2011-06-27,70.63841532962175,15,2011-08-23,53.407274016428765,30,57
KANSAINER,closed,2011-06-27,55.33591229016694,21,2011-09-08,52.55809616829059,17,73
TTML,closed,2011-07-25,20.11764705882353,24,2011-09-08,17.25,22,45
RCF,closed,2011-08-08,67.94252127508295,24,2011-09-08,74.14327289080109,18,31
3MINDIA,closed,2011-07-25,4256.069887227039,4,2011-09-08,4280.833603421185,7,45
MSPL,closed,2011-07-25,56.95785953177258,6,2011-09-08,45.0,29,45
PFIZER,closed,2011-07-25,1015.7467062869372,15,2011-09-08,968.8624036147527,5,45
PIDILITIND,closed,2011-08-08,81.64270316767397,10,2011-09-08,80.20194958236209,11,31
GMDCLTD,closed,2011-08-23,163.42980737609932,3,2011-09-08,169.87978865664576,3,16
AIAENG,closed,2011-06-27,341.1293814444643,26,2011-09-22,295.9428040452235,27,87
MANAPPURAM,closed,2011-08-08,32.64570205013358,25,2011-09-22,34.611934582789814,23,45
SHRIRAMFIN,closed,2011-08-23,16.2844682262936,25,2011-09-22,16.42633076373331,25,30
BERGEPAINT,closed,2011-09-08,29.67760841835841,14,2011-09-22,29.837556332421098,18,14
GESHIP,closed,2011-09-08,179.41576446144498,27,2011-09-22,185.85089275678115,24,14
WHIRLPOOL,closed,2011-09-08,229.99495557154557,30,2011-09-22,219.41190836118932,28,14
CESC,closed,2011-09-08,20.514355914563502,31,2011-09-22,19.393222509930382,33,14
BAYERCROP,closed,2011-09-08,723.7608191777512,32,2011-10-07,717.5409996379424,19,29
ASHOKLEY,closed,2011-09-08,12.332961439792868,33,2011-10-07,11.050153406821714,33,29
APOLLOTYRE,closed,2011-09-08,57.668739072379715,34,2011-10-07,50.5817374032439,32,29
EIDPARRY,closed,2011-08-23,214.6994962595591,7,2011-10-07,193.60560574724488,9,45
HAVELLS,closed,2011-08-23,63.51608027658519,22,2011-10-21,67.75878588010256,17,59
KANSAINER,closed,2011-09-22,54.570959425799586,15,2011-10-21,55.04743430318094,16,29
IPCALAB,closed,2011-09-22,128.6978850367396,19,2011-10-21,116.04303576684813,22,29
RCF,closed,2011-09-22,66.0380047073981,20,2011-11-08,64.5763989694074,31,47
AIAENG,closed,2011-10-07,296.6587947001716,24,2011-11-08,295.5132096522546,29,32
GESHIP,closed,2011-10-07,175.064740216303,25,2011-11-08,168.48335900516375,34,32
JUBLFOOD,closed,2011-09-22,86.04936655184531,2,2011-11-08,79.07491660783178,2,47
MANAPPURAM,closed,2011-10-21,36.23485667323622,19,2011-11-23,32.48965184912912,29,33
BAYERCROP,closed,2011-10-21,730.3286006498569,20,2011-11-23,696.445807492437,20,33
EMAMILTD,closed,2011-06-13,123.40129196185246,10,2011-11-23,115.22298211470974,18,163
HTMEDIA,closed,2011-06-27,163.92662655642295,16,2011-12-08,122.98868917718781,20,164
MFSL,closed,2011-09-22,186.88079336331015,8,2011-12-08,159.25534341890886,8,77
EIDPARRY,closed,2011-10-21,190.9688694332056,13,2011-12-08,170.5665818885082,19,48
TORNTPHARM,closed,2011-11-08,120.81153524570992,11,2011-12-08,114.64906930133274,12,30
SHOPERSTOP,closed,2011-08-23,395.9535836177475,11,2011-12-22,263.6863267918089,22,121
CRISIL,closed,2011-09-08,716.4171933349039,4,2011-12-22,751.7643128847637,1,105
3MINDIA,closed,2011-09-22,4020.650118474334,7,2011-12-22,3310.7255942595916,9,91
PIDILITIND,closed,2011-09-22,80.15392446285169,10,2011-12-22,67.01905427675827,12,91
PFIZER,closed,2011-10-07,904.4221540295534,4,2011-12-22,751.58617174198,7,76
BERGEPAINT,closed,2011-10-07,28.848787409124494,14,2011-12-22,24.486571571051233,16,76
KANSAINER,closed,2011-11-08,55.138191422682155,14,2011-12-22,56.30506867341201,11,44
EMAMILTD,closed,2011-12-08,113.96916457716864,17,2012-01-05,95.40411626562337,,28
TTML,closed,2011-12-08,12.573529411764705,24,2012-01-05,11.558823529411764,,28
BRITANNIA,closed,2011-01-03,185.34493414578662,2,2012-01-05,198.9962099843,,367
IGL,closed,2011-07-25,36.716446910208624,5,2012-01-05,35.37676208169761,,164
HAVELLS,closed,2011-11-08,79.78776610136177,12,2012-01-05,78.6385004751268,,58
ASHOKLEY,closed,2011-11-23,11.207691235432206,25,2012-01-05,10.825099365949582,28,43
CESC,closed,2011-11-23,16.339923024972094,27,2012-01-05,14.288487433515742,,43
JUBLFOOD,closed,2011-12-08,79.12902023927334,3,2012-01-05,73.81210882215161,,28
MFSL,closed,2011-12-22,138.4544547128876,6,2012-01-05,134.34102054180923,,14
MANAPPURAM,closed,2011-12-22,28.18266630140595,26,2012-01-05,30.804309678280923,34,14
GESHIP,closed,2011-12-22,146.17978934519195,28,2012-01-18,164.7539096521849,,27
SHRIRAMFIN,closed,2011-12-22,12.387309578493232,30,2012-01-18,14.706989003471406,36,27
EDELWEISS,closed,2011-12-22,19.677371410469565,34,2012-01-18,24.748412060304236,39,27
APOLLOTYRE,closed,2011-11-08,55.44536599970966,19,2012-01-18,59.70683105566061,14,71
IPCALAB,closed,2011-12-22,135.72362559342267,15,2012-01-18,134.51159107303133,29,27
APOLLOHOSP,closed,2012-01-05,564.3744957104406,5,2012-01-18,630.5013289057749,5,13
GSFC,closed,2012-01-05,62.27945767317669,17,2012-01-18,72.23796394921887,7,13
SUNDARMFIN,closed,2012-01-05,233.19956075830353,20,2012-01-18,244.6300116694881,17,13
BERGEPAINT,closed,2012-01-05,25.620747688950278,21,2012-01-18,28.325321508555703,19,13
AIAENG,closed,2012-01-05,269.78527878445215,31,2012-02-02,284.677884407373,39,28
EIDPARRY,closed,2012-01-05,167.28146779232813,33,2012-02-02,188.24568274821422,29,28
HTMEDIA,closed,2011-12-22,115.16258652314202,18,2012-02-02,132.74655134710565,32,42
PIDILITIND,closed,2012-01-05,68.48382042182534,8,2012-02-02,64.80989877928002,26,28
PFIZER,closed,2012-01-05,750.0119542799944,12,2012-02-02,810.2086611415799,24,28
TORNTPHARM,closed,2012-01-18,116.90898890062896,20,2012-02-16,120.49651278626766,27,29
MRF,closed,2012-01-05,6901.671615370097,14,2012-02-16,9639.060523196693,5,42
CHAMBLFERT,closed,2012-01-05,54.7250031868217,18,2012-02-16,63.468463275868324,10,42
SHOPERSTOP,closed,2012-01-05,263.0377133105802,30,2012-02-16,347.85639931740616,28,42
BATAINDIA,closed,2012-01-18,289.40595269961756,3,2012-02-16,344.40815947213775,1,29
REDINGTON,closed,2012-01-18,31.168111281648898,10,2012-02-16,34.05761479972513,14,29
SPARC,closed,2012-01-18,80.9,22,2012-02-16,84.7,18,29
IPCALAB,closed,2012-02-02,157.24935867557295,17,2012-03-02,162.9556682958049,14,29
UPL,closed,2011-11-23,48.707478775865475,26,2012-03-02,52.89180263719092,31,100
PAGEIND,closed,2012-01-18,2186.073461234323,1,2012-03-02,2272.442328917821,5,44
APOLLOHOSP,closed,2012-02-16,605.6605543745926,9,2012-03-02,565.9054380771736,13,15
SUNTECK,closed,2012-02-16,198.0284474259821,26,2012-03-16,174.35220983978417,26,29
MANAPPURAM,closed,2012-02-16,29.71564581627879,29,2012-03-16,28.422289682024616,44,29
BLUEDART,closed,2012-01-18,1651.7522056784494,2,2012-03-16,1871.930244973216,3,58
CARBORUNIV,closed,2012-01-18,132.92020264855427,8,2012-03-16,143.3749440426372,7,58
PHOENIXLTD,closed,2012-01-18,94.20643931782224,25,2012-03-16,106.57723227034678,10,58
ASTRAZEN,closed,2012-02-02,1658.5374176530097,6,2012-03-16,2170.575681929313,2,43
RESPONIND,closed,2012-02-16,113.07751402845133,15,2012-03-30,87.43929514418845,32,43
CHAMBLFERT,closed,2012-03-02,60.29852356230959,11,2012-03-30,53.85414062815172,27,28
APOLLOTYRE,closed,2012-02-02,65.72846646080869,5,2012-03-30,73.78819384923767,20,57
IRB,closed,2012-02-16,7.924804656437969,19,2012-03-30,7.348633995312331,33,43
TORNTPHARM,closed,2012-03-16,127.3511998449545,12,2012-03-30,133.4125203459229,18,14
UPL,closed,2012-03-16,52.23400499960264,29,2012-04-17,50.64252834797801,31,32
EICHERMOT,closed,2012-01-18,149.71368906523446,4,2012-04-17,209.3198758397621,3,90
BERGEPAINT,closed,2012-02-02,29.095979639948645,16,2012-04-17,33.458195478021906,10,75
GSFC,closed,2012-02-16,75.80696115722299,12,2012-04-17,79.75932890930937,13,61
3MINDIA,closed,2012-03-02,3571.238009023063,20,2012-04-30,3839.03386972599,26,59
HTMEDIA,closed,2012-03-30,138.3932330088855,26,2012-04-30,125.81203000807773,30,31
AIAENG,closed,2012-03-16,333.1265853921959,23,2012-04-30,338.94997605244066,25,45
PFIZER,closed,2012-03-16,839.1263514758834,27,2012-05-15,825.3690597428775,22,60
ASTRAZEN,closed,2012-04-17,2323.1873927788924,2,2012-05-15,1557.4823926781116,10,28
CARBORUNIV,closed,2012-04-17,156.60741135227178,7,2012-05-29,137.24622234133278,15,42
ASHOKLEY,closed,2012-02-16,13.50324245232796,24,2012-05-29,11.29771285178106,20,103
PAGEIND,closed,2012-03-16,2268.970401635548,5,2012-05-29,2792.3964007732134,2,74
SHOPERSTOP,closed,2012-03-16,364.5706697952219,21,2012-05-29,315.6751919795222,34,74
MRF,closed,2012-03-30,9879.262472021343,6,2012-06-12,10599.569930981223,4,74
REDINGTON,closed,2012-03-30,33.999824729363596,17,2012-06-12,30.185680085502977,23,74
EICHERMOT,closed,2012-04-30,217.7676135578494,3,2012-06-12,203.0174439755909,2,43
PIDILITIND,closed,2012-03-02,73.52645797041697,24,2012-06-12,80.87430125550763,17,102
BLUEDART,closed,2012-03-30,1950.4566519482485,2,2012-06-12,1939.8622085337531,5,74
APOLLOHOSP,closed,2012-04-17,597.1169082634701,12,2012-06-12,642.4525564138189,9,56
IPCALAB,closed,2012-04-17,161.6911264734826,22,2012-06-12,171.41837126057735,20,56
BERGEPAINT,closed,2012-04-30,35.05767461864877,9,2012-06-12,42.77879665203844,7,43
ASTRAZEN,closed,2012-05-29,1929.7491093169704,5,2012-06-26,1806.3463193621724,8,28
BATAINDIA,closed,2012-03-02,338.1346982222216,1,2012-06-26,417.62285646243754,1,116
SUNTECK,closed,2012-03-30,188.14683780580117,10,2012-06-26,175.16948582340814,11,88
APOLLOTYRE,closed,2012-05-15,78.55918190100883,11,2012-06-26,72.67650731290263,16,42
PAGEIND,closed,2012-06-12,2547.9577810318206,1,2012-06-26,2510.474195059806,2,14
CARBORUNIV,closed,2012-06-12,136.78192524274914,14,2012-06-26,139.5677078342511,13,14
PHOENIXLTD,closed,2012-06-12,92.66938688684725,21,2012-07-10,87.5376150608501,30,28
3MINDIA,closed,2012-06-12,3442.156550986401,27,2012-07-10,3717.1888676549797,23,28
PFIZER,closed,2012-05-29,798.6758071265974,27,2012-07-10,811.6459901286104,35,42
SPARC,closed,2012-05-29,78.5,28,2012-07-10,73.6,41,42
REDINGTON,closed,2012-06-26,29.607779381887735,29,2012-07-24,27.353966637788282,39,28
UPL,closed,2012-06-26,47.1116499241106,33,2012-07-24,49.488442644063745,31,28
SUNDARMFIN,closed,2012-02-02,267.03400780328576,14,2012-07-24,339.5316127438695,5,173
PRESTIGE,closed,2012-06-12,117.44084529785336,29,2012-08-07,110.78031362124449,26,56
DEN,closed,2012-07-10,108.85,9,2012-08-07,118.5,1,28
CHAMBLFERT,closed,2012-05-15,50.893207928673775,26,2012-08-07,49.883007360616595,38,84
TORNTPHARM,closed,2012-05-29,131.9950387627994,17,2012-08-07,146.94206471021369,15,70
ASHOKLEY,closed,2012-06-12,12.19792901526959,16,2012-08-07,10.352485880118103,24,56
EDELWEISS,closed,2012-06-12,29.65236907677745,22,2012-08-07,26.241034581218983,23,56
DBCORP,closed,2012-06-12,124.1313183076051,30,2012-08-23,123.86357752937356,38,72
PAGEIND,closed,2012-07-24,2515.5455037501374,7,2012-08-23,2735.8607925927095,16,30
GSFC,closed,2012-04-30,80.31612898523842,14,2012-08-23,63.32003486425718,29,115
3MINDIA,closed,2012-07-24,3594.7329959245308,24,2012-08-23,3713.4766597245475,36,30
AIAENG,closed,2012-07-24,301.47979844348896,30,2012-08-23,324.72562837413795,26,30
SPARC,closed,2012-08-07,79.8,25,2012-09-06,71.95,24,30
SHOPERSTOP,closed,2012-08-07,355.3404010238908,27,2012-09-06,347.7566126279864,34,30
MRF,closed,2012-06-26,9931.778674497291,4,2012-09-06,10039.718839148502,7,72
BLUEDART,closed,2012-06-26,1851.9185185236136,6,2012-09-06,1676.66876704217,23,72
EICHERMOT,closed,2012-08-23,211.90377755714545,5,2012-09-20,213.8297854793279,6,28
EDELWEISS,closed,2012-08-23,27.115735733926282,21,2012-09-20,26.15356446594825,20,28
SHRIRAMFIN,closed,2012-08-23,16.621139746159244,24,2012-09-20,17.124936470915838,27,28
PIDILITIND,closed,2012-06-26,79.31348487141975,18,2012-09-20,96.89067861222486,15,86
ASTRAZEN,closed,2012-07-10,1834.722099895861,4,2012-10-05,1614.2829620020239,15,87
DEN,closed,2012-09-06,136.25,1,2012-10-05,173.55,1,29
APOLLOHOSP,closed,2012-06-26,606.9939557907793,9,2012-10-05,768.0886009611903,10,101
BATAINDIA,closed,2012-07-10,426.54673351173676,6,2012-10-05,458.3030916217771,11,87
SUNTECK,closed,2012-07-10,173.73306136734175,11,2012-10-05,157.9076264117136,33,87
TORNTPHARM,closed,2012-08-23,144.00131933627088,18,2012-10-05,146.28621502249985,16,43
APOLLOTYRE,closed,2012-09-06,84.7660983955461,5,2012-10-19,78.28126026692507,6,43
PAGEIND,closed,2012-09-06,2673.108859841913,15,2012-10-19,2964.6429620313133,13,43
KESORAMIND,closed,2012-08-07,150.05,16,2012-10-19,146.15,22,73
ZYDUSLIFE,closed,2012-08-07,31.715548798113165,19,2012-10-19,30.478017361019248,26,73
PRESTIGE,closed,2012-09-06,117.48981979547548,11,2012-10-19,145.25835994721982,10,43
IPCALAB,closed,2012-09-20,204.4180492007963,4,2012-10-19,223.26458597579241,4,29
DBREALTY,closed,2012-09-20,73.3,14,2012-10-19,116.8,2,29
SUNDARMFIN,closed,2012-08-07,369.1400346525519,4,2012-11-05,446.0800658182404,4,90
AIAENG,closed,2012-09-20,335.0358938053909,18,2012-11-05,359.4273087839569,17,46
ASTRAZEN,closed,2012-10-19,1593.2584199485655,15,2012-11-05,1524.254794747471,16,17
DBCORP,closed,2012-10-19,149.5666922396029,31,2012-11-20,140.2292325987774,31,32
3MINDIA,closed,2012-10-19,3668.225314952321,34,2012-11-20,3448.8761172402205,39,32
SUNTECK,closed,2012-10-19,155.87681942210247,35,2012-11-20,161.96924039093585,43,32
IRB,closed,2012-10-19,5.744008536341268,36,2012-11-20,4.659151379274176,42,32
NFL,closed,2012-09-20,68.6680553325422,22,2012-11-20,64.10178186204382,15,61
ZYDUSLIFE,closed,2012-11-05,31.865986773099984,22,2012-12-05,30.3741435211474,25,30
EDELWEISS,closed,2012-10-05,36.999858759518766,8,2012-12-05,29.73983919204818,20,61
EIDPARRY,closed,2012-10-05,209.1730373026572,27,2012-12-05,199.73334308444367,29,61
SHRIRAMFIN,closed,2012-10-05,17.895856184348325,29,2012-12-05,19.57377402007055,23,61
BLUEDART,closed,2012-10-19,1724.9813909462343,27,2012-12-05,1961.3944338067322,14,47
APOLLOHOSP,closed,2012-11-05,773.4222066259372,8,2012-12-05,795.6455635623826,28,30
TORNTPHARM,closed,2012-11-05,142.05492671466848,21,2012-12-05,143.69455093395314,24,30
AIAENG,closed,2012-11-20,325.48935173941595,23,2012-12-19,304.39149377361133,34,29
ASTRAZEN,closed,2012-11-20,1431.6291898965699,28,2012-12-19,1423.8858853640609,35,29
BAYERCROP,closed,2012-08-07,803.2701207076146,17,2012-12-19,1083.596952414382,12,134
EICHERMOT,closed,2012-10-05,219.5553684361128,14,2012-12-19,259.0528328798787,8,75
SHOPERSTOP,closed,2012-10-05,393.6085964163823,22,2012-12-19,426.2887372013652,19,75
SUNDARMFIN,closed,2012-11-20,459.45386204565,5,2012-12-19,478.5260584047385,5,29
MRF,closed,2012-12-05,11585.753585265402,12,2013-01-03,13215.398264336329,,29
NFL,closed,2012-12-05,66.8850342631095,16,2013-01-03,67.58084736337592,24,29
KESORAMIND,closed,2012-12-05,147.05,18,2013-01-03,144.65,13,29
BERGEPAINT,closed,2012-08-23,39.27448326211959,8,2013-01-03,45.803266299769234,11,133
PIDILITIND,closed,2012-10-05,99.74817322309343,17,2013-01-03,109.47325992394873,,90
DEN,closed,2012-11-05,184.65,1,2013-01-03,200.5,,59
IPCALAB,closed,2012-11-20,202.35100968353868,7,2013-01-03,246.97474514433588,,44
PRESTIGE,closed,2012-12-05,159.21609176952515,2,2013-01-03,183.55641708772077,,29
BATAINDIA,closed,2012-12-05,445.3184857789276,13,2013-01-03,429.6591483954161,,29
APOLLOTYRE,closed,2012-12-05,80.0877508884695,19,2013-01-03,83.42281049747459,22,29
DBREALTY,closed,2012-12-19,153.55,2,2013-01-03,161.15,,15
BAJFINANCE,closed,2012-12-19,12.60389514206748,6,2013-01-03,13.440988050976085,,15
EDELWEISS,closed,2012-12-19,31.48924149746278,17,2013-01-17,31.48924149746278,,29
BLUEDART,closed,2012-12-19,2034.7217157727994,25,2013-01-17,1993.0796673519358,24,29
SPARC,closed,2012-10-19,101.6,23,2013-01-17,126.0,13,90
ANANTRAJ,closed,2013-01-03,97.52218075677176,3,2013-01-17,91.58908284774526,14,14
BAYERCROP,closed,2013-01-03,1102.5608777245682,16,2013-01-31,1043.407349234079,13,28
NCC,closed,2013-01-03,53.223526799853474,17,2013-01-31,41.907936648287986,38,28
BASF,closed,2013-01-03,713.6432401281452,18,2013-01-31,642.6548823308425,21,28
ARE&M,closed,2013-01-03,240.02788167524778,1,2013-01-31,285.4410643027151,1,28
CHOLAFIN,closed,2013-01-03,52.44247481322818,4,2013-02-14,51.91314762800809,4,42
SOBHA,closed,2013-01-03,364.07611350911134,7,2013-02-14,396.46024220399187,7,42
MCLEODRUSS,closed,2013-01-03,359.85,10,2013-02-14,350.65,6,42
ANANTRAJ,closed,2013-01-31,81.36819989522061,18,2013-02-28,62.07316719947896,25,28
AUROPHARMA,closed,2012-12-05,91.08119225109029,4,2013-02-28,75.60176448256239,8,85
SUNDARMFIN,closed,2013-01-03,495.411929815346,6,2013-02-28,452.8120771617223,6,56
BERGEPAINT,closed,2013-01-17,45.948673494371675,11,2013-03-14,55.67641481327504,2,56
SUPREMEIND,closed,2013-01-03,268.7373545048946,14,2013-03-14,288.5718252181664,4,70
ZYDUSLIFE,closed,2013-01-31,31.01171398656771,20,2013-04-01,26.466338028037516,25,60
BASF,closed,2013-02-14,638.1531815924769,16,2013-04-01,577.108140810685,16,46
TORNTPHARM,closed,2013-02-14,148.44691509736538,18,2013-04-01,146.01423367407784,20,46
SUNTECK,closed,2012-12-19,218.18792168870715,26,2013-04-01,201.64427450504584,21,103
SHOPERSTOP,closed,2013-01-03,454.97741040955634,15,2013-04-15,377.19368600682594,19,102
PAGEIND,closed,2013-01-17,3011.7181994253474,18,2013-04-15,3230.9548188598496,9,88
CHOLAFIN,closed,2013-02-28,58.485883286467725,2,2013-04-15,48.311517768648685,5,46
WHIRLPOOL,closed,2013-01-03,273.22148643074723,9,2013-04-15,195.6621592224555,29,102
STAR,closed,2013-01-17,391.7582569639778,2,2013-04-15,286.33791328125454,11,88
SPARC,closed,2013-01-31,117.3,14,2013-04-15,115.75,7,74
ANANTRAJ,closed,2013-03-14,68.75413459283654,21,2013-05-02,66.46066817422125,18,49
APOLLOTYRE,closed,2013-03-14,81.3383982418464,23,2013-05-02,88.93492290680246,26,49
SOBHA,closed,2013-02-28,364.4032259201707,9,2013-05-02,384.7309257502905,14,63
SUNDARMFIN,closed,2013-03-14,469.8612197827891,5,2013-05-15,507.0593491378439,5,62
GSPL,closed,2013-04-15,63.914783014350405,24,2013-05-15,57.48134752494096,33,30
MCLEODRUSS,closed,2013-02-28,356.35,7,2013-05-15,314.45,20,76
BERGEPAINT,closed,2013-04-01,56.75242805333311,2,2013-05-15,68.82122520533581,3,44
SUNTECK,closed,2013-04-15,210.4857146915235,14,2013-05-15,196.5177251532226,30,30
ZYDUSLIFE,closed,2013-04-15,26.163671149790233,22,2013-05-29,28.225029592764326,29,44
BAYERCROP,closed,2013-04-01,1016.2663185149132,6,2013-05-29,1192.7700086725645,7,58
AUROPHARMA,closed,2013-04-01,71.39644569997112,9,2013-05-29,82.90821219980194,10,58
PAGEIND,closed,2013-05-02,3284.467758055757,16,2013-05-29,3462.0738253537997,18,27
CHOLAFIN,closed,2013-05-15,53.89070036245744,6,2013-06-12,48.94204182890789,5,28
WHIRLPOOL,closed,2013-05-15,225.97041649155094,23,2013-06-12,204.6552650678756,28,28
PHOENIXLTD,closed,2013-01-31,134.863955233935,12,2013-06-12,134.04584668196443,10,132
ARE&M,closed,2013-02-14,272.84943772302995,1,2013-06-26,241.87959146637795,1,132
SJVN,closed,2013-05-29,13.044013151136237,22,2013-06-26,12.390255928764253,21,28
TRENT,closed,2013-01-17,78.84521025641412,16,2013-06-26,64.51690079274641,22,160
APOLLOTYRE,closed,2013-05-15,84.0712943103367,22,2013-07-24,61.142759498426685,32,70
BRITANNIA,closed,2013-05-29,309.42891900630406,16,2013-07-24,328.5361773938751,8,56
SOBHA,closed,2013-06-26,331.31814205873434,19,2013-08-07,268.7729043060639,28,42
SUNTECK,closed,2013-06-12,206.9194194902552,21,2013-08-23,166.15468406464657,16,72
BERGEPAINT,closed,2013-07-10,70.05718635945657,3,2013-08-23,66.37838433601478,3,44
3MINDIA,closed,2013-07-24,3233.333107406157,24,2013-09-06,2822.734716316111,33,44
ZYDUSLIFE,closed,2013-07-24,27.80205264979609,25,2013-09-06,24.387765482277274,32,44
SHRIRAMFIN,closed,2012-12-19,21.716960436326104,14,2013-09-06,14.650544337196285,23,261
ANANTRAJ,closed,2013-05-29,69.80115187090004,11,2013-09-23,42.678418572493165,25,117
BRITANNIA,closed,2013-08-07,318.8919924731342,3,2013-09-23,337.637027952884,5,47
PFIZER,closed,2013-08-23,750.3883975861212,23,2013-09-23,717.9800511404582,24,31
ADANIPOWER,closed,2013-08-23,7.2700000000000005,24,2013-09-23,6.800000000000001,32,31
TORNTPHARM,closed,2013-04-15,145.27802745387243,16,2013-09-23,187.4971406633224,8,161
SHOPERSTOP,closed,2013-05-02,376.7945392491468,20,2013-10-08,344.11439846416386,20,159
TRENT,closed,2013-07-24,67.13761180678122,22,2013-10-08,61.168580313759726,28,76
SUNDARMFIN,closed,2013-05-29,520.163235615193,4,2013-10-08,471.5520438443825,11,132
AUROPHARMA,closed,2013-06-26,80.18297768147465,5,2013-10-23,101.53847920871182,7,119
JISLJALEQS,closed,2013-09-23,58.6,21,2013-11-06,68.5,20,44
UPL,closed,2013-05-02,57.90391083098446,12,2013-11-06,107.26758745300342,1,188
BLUEDART,closed,2013-10-08,2720.9571686070785,2,2013-11-21,2708.5969846235007,4,44
SUPREMEIND,closed,2013-04-15,284.0692861012872,3,2013-11-21,359.0512072525862,10,220
PHOENIXLTD,closed,2013-06-26,125.04665261028825,9,2013-12-05,113.19647419083589,16,162
TORNTPHARM,closed,2013-10-08,191.43606578574094,10,2013-12-05,208.11730605827853,8,58
SUNDARMFIN,closed,2013-11-06,505.08672106598505,12,2013-12-05,560.132437737859,14,29
STAR,closed,2013-05-15,321.57950260817813,14,2013-12-19,308.9253661739903,30,218
SANOFI,closed,2013-08-23,1988.710383753723,12,2013-12-19,2337.548517798521,13,118
BRITANNIA,closed,2013-10-08,390.7253228804362,1,2013-12-19,396.8378344499198,3,72
JISLJALEQS,closed,2013-11-21,64.7,21,2013-12-19,67.3,25,28
CHOLAFIN,closed,2013-06-26,44.66212093502721,7,2013-12-19,46.0569165834794,24,176
SJVN,closed,2013-08-07,12.265730743550543,19,2013-12-19,12.85722537331567,16,134
SUNTECK,closed,2013-09-06,150.6512063146885,20,2013-12-19,154.56422466052456,37,104
BERGEPAINT,closed,2013-09-23,66.01486634950867,2,2014-01-03,65.31691181541694,,102
SHRIRAMFIN,closed,2013-09-23,18.091557074347815,16,2014-01-03,19.66599411014712,26,102
BLUEDART,closed,2013-12-05,3314.834580008512,3,2014-01-03,3221.8389100368304,,29
BAYERCROP,closed,2013-06-12,1156.9299296459737,7,2014-01-03,1522.3769490408936,,205
ARE&M,closed,2013-10-23,290.16292427009705,6,2014-01-03,302.98601457367346,,72
AUROPHARMA,closed,2013-11-06,113.91950154628496,8,2014-01-03,186.50454150719546,,58
UPL,closed,2013-11-21,101.52835043894333,1,2014-01-03,124.82840505580683,,43
APOLLOTYRE,closed,2013-12-05,73.00074921933368,22,2014-01-03,97.27257192931519,,29
SUPREMEIND,closed,2013-12-19,410.840109149421,5,2014-01-03,382.9786981200246,10,15
SUNDARMFIN,closed,2013-12-19,575.9134623127309,12,2014-01-03,577.4164170341473,,15
SHOPERSTOP,closed,2013-12-19,391.86232935153583,19,2014-01-17,389.56723549488055,26,29
BASF,closed,2013-12-19,652.5487301074701,21,2014-01-17,586.6062346762474,,29
ZYDUSLIFE,closed,2013-12-19,28.689051687800152,23,2014-01-17,32.22198203874626,,29
PFIZER,closed,2013-11-06,741.285314001595,22,2014-01-17,945.0705904745283,17,72
APLLTD,closed,2014-01-03,195.5456511172328,1,2014-01-17,204.12221476272546,1,14
ARVIND,closed,2014-01-03,136.94843907731527,11,2014-01-17,134.4860190109182,13,14
THOMASCOOK,closed,2014-01-03,81.33177974075272,12,2014-01-17,77.56504283624498,14,14
DBCORP,closed,2014-01-03,192.96344958155913,15,2014-01-31,214.47643966964534,,28
MCLEODRUSS,closed,2014-01-03,321.2,25,2014-02-14,253.15,37,42
JISLJALEQS,closed,2014-01-03,69.4,27,2014-02-14,58.9,26,42
SPARC,closed,2013-05-15,163.45,2,2014-02-14,154.85,15,275
AIAENG,closed,2014-01-17,485.39393134449637,10,2014-02-14,540.0956173825329,9,28
RALLIS,closed,2014-01-17,172.26545473834153,16,2014-02-14,152.6580046055222,17,28
MOTHERSON,closed,2014-01-17,4.661290791823145,3,2014-03-03,5.636785146876972,2,45
BSOFT,closed,2014-01-31,144.9233445051513,3,2014-03-03,148.38890274331797,13,31
SHRIRAMFIN,closed,2014-01-31,18.22993478784785,6,2014-03-03,16.887182873291877,34,31
IGL,closed,2013-04-15,27.229661802549288,10,2014-03-03,22.85638556574892,27,322
TVSMOTOR,closed,2014-01-03,73.0239802011602,5,2014-03-03,81.16344854530472,4,59
VOLTAS,closed,2014-01-03,113.5573816833225,23,2014-03-18,143.5452541924496,10,74
SUPREMEIND,closed,2014-01-17,437.12795211403414,8,2014-03-18,431.46984561893237,15,60
GVT&D,closed,2013-12-05,176.16686217432124,25,2014-03-18,212.65643294727064,17,103
PIIND,closed,2014-01-17,223.93601867786174,6,2014-03-18,251.12985547718807,4,60
APLLTD,closed,2014-02-14,215.5730862245454,1,2014-03-18,263.9263612637284,1,32
SPARC,closed,2014-03-03,159.55,16,2014-03-31,145.65,23,28
CYIENT,closed,2014-01-17,304.4549599583777,4,2014-03-31,285.31979276410027,10,73
THOMASCOOK,closed,2014-02-14,74.44261619171881,12,2014-03-31,88.56787958362285,12,45
GESHIP,closed,2014-02-14,215.80441773692306,20,2014-03-31,258.4568118878465,20,45
RALLIS,closed,2014-03-03,161.73731648968482,17,2014-03-31,167.291150886912,17,28
3MINDIA,closed,2014-03-18,3386.802361846543,26,2014-04-16,3518.9381681803966,33,29
PAGEIND,closed,2013-06-12,3595.1804319439493,11,2014-04-16,5085.562237797057,15,308
AIAENG,closed,2014-03-03,529.2125594273215,10,2014-04-16,544.248363181232,12,44
PFIZER,closed,2014-03-03,979.572341988825,18,2014-04-16,1066.9970063158805,18,44
SANOFI,closed,2014-03-03,2234.6870584638323,22,2014-04-16,2417.4316179455345,37,44
ENGINERSIN,closed,2014-03-18,68.30570332109305,23,2014-04-16,86.65944484639697,19,29
IGL,closed,2014-03-18,25.149744339979637,27,2014-04-16,26.37589655590497,38,29
NATIONALUM,closed,2014-03-31,23.109015123544502,25,2014-05-05,22.847403631579848,29,35
JYOTISTRUC,closed,2014-03-31,31.95,27,2014-05-05,36.3,25,35
PERSISTENT,closed,2014-01-03,218.69615507840314,6,2014-05-05,224.76822204348053,7,122
DBCORP,closed,2014-02-14,207.04779908369323,16,2014-05-05,192.22459424475207,26,80
NETWORK18,closed,2014-03-18,32.3,28,2014-05-05,33.8,36,48
EIHOTEL,closed,2014-03-31,70.5510818966892,22,2014-05-05,73.59749598818433,24,35
BSOFT,closed,2014-04-16,147.30872874700626,14,2014-05-19,128.40568381155177,22,33
JISLJALEQS,closed,2014-04-16,68.0,27,2014-05-19,99.5,18,33
LAOPALA,closed,2014-01-03,278.60496999806526,3,2014-05-19,416.6967423184294,3,136
MOTHERSON,closed,2014-03-31,6.011975283436136,2,2014-05-19,6.115599225914382,2,49
PIIND,closed,2014-04-16,241.65508133406414,7,2014-06-02,308.07518170473907,5,47
SUPREMEIND,closed,2014-04-16,444.67715712526746,16,2014-06-02,472.9519648571397,24,47
VOLTAS,closed,2014-04-16,156.03607051030087,8,2014-06-02,191.87281732699321,7,47
GVT&D,closed,2014-04-16,256.1248833762486,13,2014-06-02,305.6749289340515,13,47
APLLTD,closed,2014-05-05,266.290711241675,4,2014-06-02,231.9380968562152,8,28
THOMASCOOK,closed,2014-05-05,94.1188602850027,9,2014-06-16,114.01100343710885,11,42
RALLIS,closed,2014-05-05,192.25925856835931,16,2014-06-16,188.444015808525,28,42
CESC,closed,2014-01-17,30.01843210155978,12,2014-06-16,41.12071973771392,19,150
TVSMOTOR,closed,2014-03-18,82.22712906755088,3,2014-06-16,121.38139012160423,1,90
ARVIND,closed,2014-03-31,164.74537328837476,5,2014-06-16,204.85440783141976,7,77
AIAENG,closed,2014-05-05,583.866512755028,6,2014-06-16,745.5372026423139,8,42
PATELENG,closed,2014-05-19,94.75,13,2014-06-30,127.65,,42
PFIZER,closed,2014-06-02,1069.9877360325722,22,2014-07-28,1189.1834856108585,24,56
UNITECH,closed,2014-06-16,32.95,27,2014-07-28,25.85,34,42
ENGINERSIN,closed,2014-05-19,102.67540774974002,16,2014-08-12,102.10406730094411,17,85
RENUKA,closed,2014-06-16,26.85,22,2014-08-12,20.95,39,57
VOLTAS,closed,2014-06-16,223.9920592871822,4,2014-08-12,205.30540154182535,7,57
LAOPALA,closed,2014-06-16,420.6697606231863,5,2014-08-12,584.9740501613247,5,57
CYIENT,closed,2014-04-16,282.47360084733134,10,2014-08-12,349.81888035487987,14,118
PAGEIND,closed,2014-05-05,5240.515520024256,14,2014-08-12,7070.338828257122,25,99
APLLTD,closed,2014-06-16,256.369713294997,16,2014-08-27,348.48664282793715,8,72
TVSMOTOR,closed,2014-06-30,151.49367046667197,1,2014-08-27,174.28764119227276,1,58
GESHIP,closed,2014-07-28,277.7338725895094,21,2014-08-27,282.4632010795425,35,30
MUTHOOTFIN,closed,2014-05-05,143.45729412298954,19,2014-08-27,151.6150598082081,17,114
JISLJALEQS,closed,2014-06-02,114.05,17,2014-08-27,90.75,23,86
NATIONALUM,closed,2014-06-02,31.015495769587403,19,2014-08-27,30.637612503416236,18,86
NETWORK18,closed,2014-06-02,54.65,20,2014-09-11,51.9,22,101
ARVIND,closed,2014-07-28,199.74015077044118,4,2014-09-11,307.944570995775,4,45
UNITECH,closed,2014-08-12,26.3,29,2014-09-25,19.25,45,44
EIHOTEL,closed,2014-06-02,81.43113222345757,25,2014-09-25,94.0519906025089,24,115
ENGINERSIN,closed,2014-08-27,85.90380102702176,19,2014-09-25,88.66835158571158,34,29
JYOTISTRUC,closed,2014-05-19,53.75,11,2014-09-25,39.85,20,129
AIAENG,closed,2014-06-30,741.1935260022951,8,2014-09-25,887.8284121356704,6,87
CHOLAFIN,closed,2014-07-28,76.0540531056675,22,2014-09-25,90.7611178097707,14,59
MOTHERSON,closed,2014-08-12,8.304208355842842,2,2014-09-25,9.465511159478352,2,44
SOBHA,closed,2014-08-27,432.0960632547292,21,2014-10-14,396.43765026768847,38,48
TVSMOTOR,closed,2014-09-11,214.09551644720747,1,2014-10-14,209.85369367414066,1,33
PERSISTENT,closed,2014-05-19,204.17548806836,14,2014-10-14,323.391820653196,12,148
PIIND,closed,2014-06-30,323.54420071392104,7,2014-10-14,399.1490311212978,5,106
GSPL,closed,2014-08-12,79.62541895587928,28,2014-10-30,89.64852497198821,23,79
PHOENIXLTD,closed,2014-09-25,167.0924739479268,25,2014-10-30,190.71845728210695,25,35
VOLTAS,closed,2014-08-27,239.01077890745577,4,2014-10-30,244.95878667786113,4,64
SUPREMEIND,closed,2014-08-27,536.1982453100119,22,2014-10-30,559.9093184507718,30,64
3MINDIA,closed,2014-09-11,5934.26981162506,19,2014-10-30,5711.114426034922,18,49
PFIZER,closed,2014-09-25,1351.0729854926399,18,2014-10-30,1392.4664185280085,17,35
NATIONALUM,closed,2014-09-25,33.253727423062784,23,2014-12-01,33.7769504069921,29,67
GMDCLTD,closed,2014-10-14,146.49829402544802,25,2014-12-01,124.74348861370558,38,48
TORNTPOWER,closed,2014-08-12,103.88623294737543,23,2014-12-01,125.76129882827092,30,111
PATELENG,closed,2014-08-27,97.95,7,2014-12-15,95.6,18,110
MOTHERSON,closed,2014-10-30,10.005070308244388,2,2014-12-15,9.503030173134269,2,46
PAGEIND,closed,2014-10-14,8453.030627675445,13,2014-12-15,9666.003640022665,9,62
RAMCOCEM,closed,2014-10-30,330.2553575679923,19,2014-12-30,326.38498622132687,16,61
PHOENIXLTD,closed,2014-12-01,185.28919143721143,23,2014-12-30,181.62009853746468,24,29
ARVIND,closed,2014-09-25,275.2227966519213,3,2014-12-30,266.3202010272549,6,96
CHOLAFIN,closed,2014-10-30,95.59592057667076,10,2014-12-30,92.41131995176653,15,61
AIAENG,closed,2014-12-01,1099.6184478693247,5,2014-12-30,1021.5277337696496,4,29
NETWORK18,closed,2014-12-15,67.45,6,2015-01-13,65.5,,29
3MINDIA,closed,2014-12-15,5845.505751111316,17,2015-01-13,6045.777019459426,24,29
GVT&D,closed,2014-06-16,306.1734203380535,13,2015-01-13,482.34028251237476,,211
CESC,closed,2014-06-30,48.797513194979615,13,2015-01-13,49.12200146891341,30,197
CYIENT,closed,2014-08-27,367.90314591835033,14,2015-01-13,475.47083185854274,,139
SHRIRAMFIN,closed,2014-09-25,26.815674228477725,28,2015-01-13,31.004126877526815,28,110
JYOTISTRUC,closed,2014-10-14,40.0,16,2015-01-13,38.85,,91
GODREJPROP,closed,2014-12-15,254.17140658071966,24,2015-01-13,251.48439484317873,33,29
TORNTPOWER,closed,2014-12-30,130.0305960726836,29,2015-01-13,137.30873137506333,31,14
SUPREMEIND,closed,2014-12-30,566.763243200819,32,2015-01-28,557.0743879432232,37,29
ENGINERSIN,closed,2014-12-30,83.26826282773746,34,2015-01-28,82.12558193014567,,29
SANOFI,closed,2014-12-30,3001.5216898254853,35,2015-01-28,2851.119825121857,38,29
THOMASCOOK,closed,2014-08-12,130.68218901171886,11,2015-01-28,196.0730482506368,10,169
EIHOTEL,closed,2014-10-14,94.68061573249996,22,2015-01-28,109.8643304107456,20,106
MUTHOOTFIN,closed,2014-10-30,153.72266684160692,13,2015-01-28,180.23779350317508,30,90
GSPL,closed,2014-12-01,103.49439700354333,22,2015-01-28,113.84383670389765,16,58
IIFL,closed,2015-01-13,148.04663806400697,1,2015-01-28,166.3196203535129,1,15
IRB,closed,2015-01-13,10.101507324417843,8,2015-01-28,11.464255816239671,6,15
BASF,closed,2015-01-13,1250.2855435324236,17,2015-02-11,1194.5831805500104,19,29
APLLTD,closed,2014-10-30,375.32896904815476,8,2015-02-11,389.9323071472369,24,104
CHOLAFIN,closed,2015-01-13,96.33899405581508,14,2015-02-11,105.52835834109528,17,29
ARVIND,closed,2015-01-13,250.07769943544332,20,2015-02-11,281.331492585868,15,29
SHRIRAMFIN,closed,2015-01-28,34.56385996346508,23,2015-02-26,34.9143154620807,17,29
PHOENIXLTD,closed,2015-01-28,196.39563480941786,25,2015-02-26,190.07388690782716,25,29
PIIND,closed,2014-10-30,415.63320450295726,5,2015-02-26,589.4044854766606,11,119
GPPL,closed,2015-01-13,160.39220247841564,3,2015-02-26,157.86200998390018,5,44
AJANTPHARM,closed,2015-01-13,598.0696701119834,6,2015-02-26,664.8403295127814,8,44
VOLTAS,closed,2015-01-13,239.95254680443662,16,2015-02-26,249.4693592370852,18,44
BALKRISIND,closed,2015-01-13,306.96168283615305,18,2015-03-12,295.9675509317862,28,58
WHIRLPOOL,closed,2015-01-28,720.9887233308917,3,2015-03-12,705.1886810168387,3,43
HCC,closed,2015-01-28,29.15,18,2015-03-12,34.8,11,43
ASHOKLEY,closed,2015-01-28,30.674865770871683,2,2015-03-12,33.7581061308199,2,43
3MINDIA,closed,2015-01-28,6518.402175969346,22,2015-03-12,7544.569223877842,16,43
MRPL,closed,2015-02-26,55.45467861597377,32,2015-03-26,56.96667466484554,28,28
CESC,closed,2015-02-26,40.65423832040712,36,2015-03-26,39.615185443236136,36,28
APOLLOHOSP,closed,2015-02-26,1283.8680228372702,37,2015-03-26,1370.144032988315,24,28
TEXRAIL,closed,2015-01-28,157.74019000272406,4,2015-03-26,141.02599768455462,3,57
RAMCOCEM,closed,2015-01-28,343.43421696359974,17,2015-03-26,278.61774491754517,29,57
AJANTPHARM,closed,2015-03-12,794.8139351241517,7,2015-04-13,809.1754924576868,4,32
BASF,closed,2015-03-12,1157.5801898654233,22,2015-04-13,1190.526702961593,34,32
SPARC,closed,2015-01-28,382.95,11,2015-04-13,498.25,5,75
HONAUT,closed,2015-02-11,8337.935244168531,7,2015-04-13,8418.741214519692,6,61
THOMASCOOK,closed,2015-02-11,196.0730482506368,12,2015-04-13,226.9271827469299,10,61
EIHOTEL,closed,2015-02-11,107.4948972284716,21,2015-04-13,106.38271430617972,31,61
GSPL,closed,2015-02-26,109.60149880870736,14,2015-04-13,113.75059850839897,18,46
HCC,closed,2015-03-26,30.3,16,2015-04-28,32.2,16,33
TORNTPOWER,closed,2015-03-26,135.68233242481088,17,2015-04-28,132.8361342618691,20,33
SUPREMEIND,closed,2015-03-26,651.2390845015273,25,2015-04-28,612.1411864808207,30,33
IGL,closed,2015-03-12,39.52297309332661,24,2015-04-28,38.015259998188796,23,47
3MINDIA,closed,2015-04-13,8515.523052567889,11,2015-04-28,7472.627573985548,11,15
MRPL,closed,2015-04-13,65.14924151756341,22,2015-05-13,60.07960770664038,36,30
BALKRISIND,closed,2015-04-13,336.1950335693129,25,2015-05-13,340.2430821366112,25,30
APOLLOHOSP,closed,2015-04-13,1382.4409571598148,27,2015-05-13,1220.4079924743094,28,30
ARVIND,closed,2015-02-26,285.0251226854636,16,2015-05-13,242.31160537988322,27,76
APLLTD,closed,2015-02-26,361.6064672153665,27,2015-05-13,448.80925757845677,18,76
RAMCOCEM,closed,2015-04-13,319.42811620580176,24,2015-05-27,311.8833416819224,24,44
PHOENIXLTD,closed,2015-04-13,179.73596975110823,28,2015-05-27,178.22370848837477,22,44
GPPL,closed,2015-03-12,176.85678842098736,6,2015-05-27,160.13551628331987,12,76
SPARC,closed,2015-04-28,402.7,4,2015-05-27,425.45,4,29
MOTHERSON,closed,2015-04-28,10.903740016288483,14,2015-05-27,11.146720295202991,16,29
ASHOKLEY,closed,2015-05-13,31.350027893488082,2,2015-05-27,31.957673803842837,3,14
3MINDIA,closed,2015-05-13,7282.600119926479,10,2015-06-10,7974.762434043712,8,28
IRB,closed,2015-05-13,9.899777626415874,11,2015-06-10,9.995190659477979,27,28
GSPL,closed,2015-05-13,110.8135953501903,17,2015-06-10,110.44064256819556,16,28
CHOLAFIN,closed,2015-03-12,114.33046649594691,13,2015-06-10,116.72487256890761,13,90
HONAUT,closed,2015-04-28,7264.264691129715,6,2015-06-10,7207.094836420576,12,43
IGL,closed,2015-05-27,36.96167735339369,26,2015-06-24,35.8581403590609,25,28
AJANTPHARM,closed,2015-04-28,748.1010802182321,1,2015-06-24,940.9390016356788,1,57
EIHOTEL,closed,2015-04-28,100.96686703241058,25,2015-06-24,97.67867404476502,34,57
APOLLOHOSP,closed,2015-05-27,1211.7655758879139,27,2015-06-24,1268.262287744122,20,28
PERSISTENT,closed,2015-06-10,339.46607240041374,17,2015-07-08,284.7794956623204,23,28
ARVIND,closed,2015-06-10,227.1108968930858,21,2015-07-08,267.50405682840733,21,28
ZYDUSLIFE,closed,2015-02-26,56.988275772910626,31,2015-07-08,70.92037531251582,9,132
WHIRLPOOL,closed,2015-04-13,778.4750408068645,2,2015-07-22,742.9994741017266,6,100
MOTHERSON,closed,2015-06-10,11.475458319616735,15,2015-07-22,12.3098097185364,18,42
PHOENIXLTD,closed,2015-06-24,187.17332022356788,19,2015-07-22,179.53764040517598,33,28
SUPREMEIND,closed,2015-05-27,668.1972089442434,20,2015-07-22,582.794210014676,27,56
HONAUT,closed,2015-06-24,7651.552294305751,10,2015-08-05,8569.864628905865,13,42
CHOLAFIN,closed,2015-07-08,134.9398078364915,7,2015-08-05,129.9571166563222,15,28
APOLLOHOSP,closed,2015-07-08,1297.8934303260492,16,2015-08-05,1357.0075597769942,25,28
ARVIND,closed,2015-07-22,292.7912167410236,17,2015-08-19,273.99158661872275,26,28
EIHOTEL,closed,2015-07-22,116.10222593142613,20,2015-08-19,112.42718670993993,28,28
APLLTD,closed,2015-05-27,492.57291207221397,13,2015-08-19,677.2240093694966,5,84
VOLTAS,closed,2015-05-27,333.9310695768415,14,2015-08-19,303.69536341061416,13,84
BASF,closed,2015-06-10,1041.9705785955305,19,2015-08-19,1320.4329242687127,11,70
GPPL,closed,2015-06-24,162.6290393213931,8,2015-08-19,146.8611730512242,19,56
ZYDUSLIFE,closed,2015-07-22,74.84125004101784,10,2015-09-02,69.36483135202461,7,42
PIIND,closed,2015-03-26,610.8285629915196,11,2015-09-02,691.3385013448692,9,160
SPARC,closed,2015-06-10,418.45,2,2015-09-02,366.75,4,84
AJANTPHARM,closed,2015-07-08,963.5849099363479,2,2015-09-02,916.4185321672641,2,56
ASHOKLEY,closed,2015-07-22,36.61629244989598,5,2015-09-02,38.6867896259196,1,42
CHOLAFIN,closed,2015-08-19,128.55149365802538,10,2015-09-16,122.41522222408152,14,28
RAMCOCEM,closed,2015-08-19,346.5207156324594,25,2015-09-16,315.45976077441065,28,28
3MINDIA,closed,2015-06-24,7901.787004727755,9,2015-09-16,10297.523829096594,3,84
MOTHERSON,closed,2015-08-05,13.803423785981456,12,2015-09-16,9.749583691444576,23,42
HONAUT,closed,2015-08-19,8885.505256542023,7,2015-10-05,9172.339368239469,4,47
TORNTPOWER,closed,2015-08-19,149.82783448278246,15,2015-10-05,148.30778241920612,16,47
SUPREMEIND,closed,2015-09-02,568.9921809543542,26,2015-10-05,605.2637249012748,28,33
TEXRAIL,closed,2015-08-19,121.32712816671207,24,2015-10-05,116.35266616725688,11,47
PVRINOX,closed,2015-09-02,802.0022756106594,20,2015-10-05,830.3450927163743,21,33
PERSISTENT,closed,2015-09-02,320.3883019707837,25,2015-10-19,313.6349076709027,35,47
IGL,closed,2015-09-16,42.93803407990384,18,2015-10-19,44.157211089565735,25,33
THOMASCOOK,closed,2015-05-13,236.9796588247544,6,2015-11-03,208.61376098138817,12,174
SJVN,closed,2015-09-02,14.995050880090163,28,2015-11-03,17.930252328958876,17,62
SPARC,closed,2015-09-16,368.25,4,2015-11-03,390.05,4,48
VOLTAS,closed,2015-10-05,267.75948313108177,22,2015-11-18,251.452028493887,30,44
IIFL,closed,2015-02-11,163.08193174396453,1,2015-11-18,165.12211908696761,22,280
WHIRLPOOL,closed,2015-08-05,749.6573535673967,5,2015-11-18,633.9394336006374,26,105
APOLLOHOSP,closed,2015-10-05,1460.8647145266489,15,2015-11-18,1287.6706861352843,19,44
IGL,closed,2015-11-03,44.54366719828876,16,2015-12-03,44.157211089565735,26,30
PVRINOX,closed,2015-11-03,838.300971202189,21,2015-12-03,821.6930748630507,18,30
GODREJPROP,closed,2015-08-19,342.7432749663267,14,2015-12-03,337.61804887435056,9,106
SANOFI,closed,2015-09-02,3261.7121375695606,18,2015-12-03,3631.090839577786,19,92
PIIND,closed,2015-09-16,604.2365391407936,13,2015-12-03,625.2446030650311,6,78
MPHASIS,closed,2015-11-03,469.624043348713,22,2015-12-03,476.0212804950714,12,30
THOMASCOOK,closed,2015-11-18,205.62787699787594,18,2015-12-17,202.99034614577346,15,29
UNITDSPR,closed,2015-05-27,136.06058203392533,25,2015-12-17,116.1913683174931,27,204
CHOLAFIN,closed,2015-10-19,118.42131411857616,17,2015-12-17,123.72390570525438,6,59
TEXRAIL,closed,2015-11-18,131.9227322255516,15,2015-12-17,146.89586284391174,19,29
SJVN,closed,2015-11-18,18.313104691854793,17,2015-12-17,18.568339600452074,13,29
TORNTPOWER,closed,2015-12-03,157.22268235964037,13,2015-12-17,144.6925234571867,25,14
RAMCOCEM,closed,2015-12-03,371.996577661143,23,2015-12-17,361.8062328496696,24,14
ARVIND,closed,2015-12-03,293.7856556139917,24,2016-01-01,336.1203390632033,10,29
APLLTD,closed,2015-09-16,606.1080708171412,6,2016-01-01,637.7718166002304,,107
ZYDUSLIFE,closed,2015-09-16,72.26688128315892,7,2016-01-01,313.27450100207136,,107
ASHOKLEY,closed,2015-10-05,42.62523534118193,1,2016-01-01,39.969597658890756,,88
AJANTPHARM,closed,2015-10-05,906.9550217559029,2,2016-01-01,805.4263701221955,,88
3MINDIA,closed,2015-10-05,10310.821991682824,5,2016-01-01,10640.362677962808,,88
APOLLOHOSP,closed,2015-12-03,1343.9204718033095,20,2016-01-01,1442.83910278931,,29
SPARC,closed,2015-12-17,349.3,2,2016-01-01,336.55,,15
MRPL,closed,2015-12-17,60.390901010819874,7,2016-01-01,61.32478092335832,,15
MPHASIS,closed,2015-12-17,474.35036034490315,10,2016-01-01,473.9206951634314,5,15
VOLTAS,closed,2015-12-17,300.6717927939914,23,2016-01-15,277.9702298036109,,29
BIOCON,closed,2015-12-17,78.3475554457788,28,2016-01-15,81.53994417467365,,29
NATCOPHARM,closed,2016-01-01,529.2000135811863,2,2016-01-15,487.8390479118032,2,14
SOLARINDS,closed,2016-01-01,736.6412554146943,8,2016-01-15,683.1526676423492,14,14
TEXRAIL,closed,2016-01-01,152.41751566330697,15,2016-02-01,147.09484132388994,22,31
UNITDSPR,closed,2016-01-01,117.01147866455243,24,2016-02-01,95.32908259312887,38,31
EIHOTEL,closed,2015-12-03,124.80626619284085,17,2016-02-01,109.28406105998462,24,60
SJVN,closed,2016-01-01,20.09974905203575,6,2016-02-01,18.855478872624015,8,31
THOMASCOOK,closed,2016-01-01,204.68234706976375,7,2016-02-01,197.51622550933436,25,31
GSPL,closed,2015-08-05,118.50574647883204,18,2016-02-15,122.56160798302494,10,194
PVRINOX,closed,2015-12-17,805.0851785239125,18,2016-02-15,711.7527790371987,14,60
SADBHAV,closed,2016-01-01,344.9,4,2016-02-15,243.65,31,45
PFIZER,closed,2016-01-01,2066.3341707802324,18,2016-02-29,1595.3592562647204,17,59
RAMCOCEM,closed,2016-02-01,377.5326784481454,15,2016-02-29,352.6447209278161,11,28
IGL,closed,2015-12-17,45.88246157493635,21,2016-02-29,46.77499115936808,6,74
RTNPOWER,closed,2016-01-01,11.4,16,2016-02-29,9.25,21,59
ARVIND,closed,2016-01-15,301.59910390159786,8,2016-03-15,259.5485458446629,22,60
IPCALAB,closed,2016-02-15,302.1166498481465,20,2016-03-15,261.4780796431728,36,29
TATAELXSI,closed,2016-01-15,865.9493284176449,1,2016-03-15,940.67382456272,1,60
SANOFI,closed,2016-02-01,3638.4767350053535,4,2016-03-15,3713.762509988625,4,43
BALKRISIND,closed,2016-02-15,275.8423094750475,23,2016-03-31,291.89573942668204,,45
THOMASCOOK,closed,2016-02-29,189.9519860844367,14,2016-03-31,187.41398469845132,27,31
WHIRLPOOL,closed,2016-01-01,645.9633651729669,26,2016-03-31,698.232687545243,21,90
NATCOPHARM,closed,2016-02-01,480.58595959242194,2,2016-04-18,410.67321040348355,27,77
SUPREMEIND,closed,2016-01-01,648.64825993389,21,2016-04-18,734.2729528945839,14,108
SRF,closed,2016-01-15,231.3551955804223,3,2016-04-18,265.58811567696335,5,94
RTNPOWER,closed,2016-03-15,11.9,8,2016-05-03,9.65,18,49
SJVN,closed,2016-03-15,18.76345060882991,12,2016-05-03,18.20870511256885,13,49
ARVIND,closed,2016-03-31,258.88558659601756,14,2016-05-03,265.42047061837906,16,33
EIHOTEL,closed,2016-02-15,101.83727105855203,22,2016-05-03,100.43185643862913,23,78
GSPL,closed,2016-02-29,118.27265099008532,8,2016-05-03,128.85518617918638,15,64
APOLLOTYRE,closed,2016-02-29,146.23309980040383,20,2016-05-03,146.83526334091863,27,64
PVRINOX,closed,2016-03-15,704.3438671972838,14,2016-05-17,834.1738592376726,9,63
MUTHOOTFIN,closed,2016-04-18,156.6666149331664,16,2016-05-17,187.5627678647138,10,29
TORNTPOWER,closed,2016-01-01,148.51319486022996,23,2016-05-17,188.23479948712998,4,137
MPHASIS,closed,2016-01-15,438.3062256769883,7,2016-05-17,441.3616225230102,12,123
SANOFI,closed,2016-04-18,3590.9559441682936,7,2016-05-17,3637.931578750154,5,29
TATAELXSI,closed,2016-05-03,915.4661459801434,1,2016-05-31,874.5461667781767,3,28
POONAWALLA,closed,2016-05-03,95.25404336094171,19,2016-05-31,88.55496536276459,28,28
HONAUT,closed,2016-02-01,8474.286086278442,13,2016-05-31,8789.089601485612,14,120
SOLARINDS,closed,2016-02-01,649.0747694319016,19,2016-05-31,642.6599676188933,29,120
RAMCOCEM,closed,2016-03-31,394.7373640005343,4,2016-05-31,485.4129345481123,1,61
SHRIRAMFIN,closed,2016-05-03,31.762106509545703,20,2016-05-31,35.95836620521531,4,28
APOLLOTYRE,closed,2016-05-17,142.24955637853665,26,2016-06-14,140.4430657569922,35,28
IIFL,closed,2016-02-29,148.56101867343352,15,2016-06-14,196.7295746218413,15,106
SUPREMEIND,closed,2016-05-03,764.6674866057738,11,2016-06-14,841.4386562612676,10,42
NATCOPHARM,closed,2016-05-03,427.84213076668675,12,2016-06-14,474.46978848230304,14,42
SADBHAV,closed,2016-05-17,270.9,25,2016-06-14,288.15,27,28
MOTHERSON,closed,2016-05-31,10.576672451315435,23,2016-06-28,10.328473204457898,32,28
ARVIND,closed,2016-05-17,287.1087088954919,14,2016-06-28,306.99748635485304,12,42
PVRINOX,closed,2016-05-31,878.6770545176986,7,2016-07-13,985.9819655951246,3,43
TORNTPOWER,closed,2016-05-31,154.4898598993571,13,2016-07-13,145.06974649085973,13,43
AIAENG,closed,2016-06-14,1008.861526916117,19,2016-07-13,974.6677287439552,25,29
BATAINDIA,closed,2016-04-18,538.2532489462892,19,2016-07-13,550.0220677252016,27,86
GSPL,closed,2016-05-17,129.64771084092524,13,2016-07-13,124.89256287049214,18,57
MPHASIS,closed,2016-05-31,500.5599364146849,5,2016-07-13,527.7243239988486,7,43
RTNPOWER,closed,2016-05-31,10.6,10,2016-07-13,11.2,5,43
SHRIRAMFIN,closed,2016-06-14,35.410034629737616,6,2016-07-27,38.34817798833895,4,43
POONAWALLA,closed,2016-06-14,97.60116557928113,20,2016-07-27,101.1184324261231,17,43
IGL,closed,2016-03-31,52.410809411578754,5,2016-07-27,57.69697689875431,7,118
EIHOTEL,closed,2016-05-17,110.30399025887394,20,2016-07-27,115.04456937057566,25,71
OBEROIRLTY,closed,2016-07-13,299.74815314790305,21,2016-07-27,282.3209349416296,20,14
HINDCOPPER,closed,2016-07-13,65.85427017871804,23,2016-07-27,63.86771602551388,24,14
PFIZER,closed,2016-07-13,1696.2838319804878,29,2016-08-10,1659.664587011668,35,28
IRB,closed,2016-07-13,9.541960246759404,30,2016-08-10,9.073224653456878,34,28
APOLLOTYRE,closed,2016-07-13,142.48115774027312,31,2016-08-10,159.89758014285525,36,28
SJVN,closed,2016-05-17,18.045544672492067,15,2016-08-10,18.20870511256885,16,85
RAMCOCEM,closed,2016-06-14,527.0733491056277,1,2016-08-10,540.4007329095722,2,57
SUPREMEIND,closed,2016-06-28,856.8499691289132,8,2016-08-10,876.5422022375715,4,43
JINDALSTEL,closed,2016-07-27,86.77365306905332,18,2016-08-25,85.73828561766122,14,29
MUTHOOTFIN,closed,2016-07-13,228.96781635120936,9,2016-08-25,273.90385374416746,1,43
BALKRISIND,closed,2016-07-13,327.7239304396182,26,2016-08-25,354.3985965227977,18,43
PVRINOX,closed,2016-07-27,1119.9390696000298,5,2016-08-25,1190.8458366048535,7,29
TORNTPOWER,closed,2016-07-27,145.23721517367744,15,2016-08-25,156.96002297091863,26,29
MPHASIS,closed,2016-08-10,513.4976324345589,10,2016-09-09,509.1054994684025,19,30
GSPL,closed,2016-08-10,128.62209069043965,22,2016-09-09,147.1764915946785,18,30
PRESTIGE,closed,2016-08-10,201.08919712696994,28,2016-09-09,204.73998235449588,33,30
HONAUT,closed,2016-06-14,9077.400970410685,11,2016-09-09,9631.7963209088,31,87
SANOFI,closed,2016-07-27,3881.419841016781,8,2016-09-09,3701.8809354756218,29,44
NATCOPHARM,closed,2016-07-27,564.7792301782944,10,2016-09-09,614.9782414711663,9,44
IGL,closed,2016-08-10,61.69955802481413,7,2016-09-09,70.05437104196889,3,30
PHOENIXLTD,closed,2016-08-10,194.40866999205124,19,2016-09-09,212.30423730670415,20,30
THOMASCOOK,closed,2016-08-25,198.11340230603685,30,2016-09-26,198.41199070438805,34,32
TEXRAIL,closed,2016-08-25,108.44327158812312,31,2016-09-26,110.28382252792154,32,32
WHIRLPOOL,closed,2016-04-18,761.9297134779977,17,2016-09-26,994.8561234411443,4,161
IFCI,closed,2016-06-28,25.85,23,2016-09-26,28.8,9,90
SJVN,closed,2016-08-25,18.600290168753126,21,2016-09-26,18.861346872875977,26,32
MUTHOOTFIN,closed,2016-09-09,308.0367465066389,1,2016-09-26,309.55002746655146,1,17
PVRINOX,closed,2016-09-09,1213.022847884062,12,2016-10-10,1182.3060856927452,12,31
OBEROIRLTY,closed,2016-09-09,292.48681222862245,16,2016-10-10,311.4147075582138,24,31
SRF,closed,2016-05-31,248.49016831578544,9,2016-10-10,364.66256536893655,4,132
AIAENG,closed,2016-07-27,995.9545721131037,23,2016-10-10,1213.6390337161613,19,75
SUPREMEIND,closed,2016-09-09,897.4711456380778,4,2016-10-10,893.9512778843564,8,31
JINDALSTEL,closed,2016-09-09,83.71685392684805,22,2016-10-10,78.29350061003221,16,31
TORNTPOWER,closed,2016-09-26,159.01151433543586,18,2016-10-26,145.8233555635395,31,30
HINDCOPPER,closed,2016-09-26,65.10931237126648,22,2016-10-26,59.39796918080451,30,30
EIHOTEL,closed,2016-08-10,107.66490498019463,25,2016-10-26,111.18368535176704,27,77
PATELENG,closed,2016-09-09,103.10000000000001,6,2016-10-26,84.1,26,47
APOLLOTYRE,closed,2016-09-09,197.18539938242606,26,2016-10-26,192.97025459882244,25,47
POONAWALLA,closed,2016-09-26,103.68088782873443,17,2016-10-26,113.97998742769141,14,30
IRB,closed,2016-09-26,11.30246951737922,28,2016-10-26,10.67528808972091,32,30
SANOFI,closed,2016-09-26,3596.4519088334137,31,2016-10-26,3607.808411703233,24,30
SHRIRAMFIN,closed,2016-10-10,35.88677847175017,17,2016-11-09,30.67291588090214,20,30
THOMASCOOK,closed,2016-10-10,207.46917212104182,31,2016-11-09,204.78187653588083,24,30
HONAUT,closed,2016-10-10,9140.358022207336,33,2016-11-09,8445.936482377223,33,30
BALKRISIND,closed,2016-09-09,412.90256520263085,13,2016-11-09,473.76686529091853,6,61
RTNPOWER,closed,2016-10-10,8.6,20,2016-11-09,7.7,28,30
PHOENIXLTD,closed,2016-10-10,187.20557952696115,26,2016-11-09,185.03717513089595,19,30
IFCI,closed,2016-10-26,26.6,21,2016-11-24,23.05,28,29
SYNGENE,closed,2016-08-25,228.06258601835782,10,2016-11-24,260.0332849345062,6,91
MOTHERSON,closed,2016-08-25,12.033902877941117,29,2016-11-24,10.999739349368053,15,91
IGL,closed,2016-09-26,71.07111866134731,3,2016-11-24,7.6886362964036525,50,59
WHIRLPOOL,closed,2016-10-10,1074.5022486909147,6,2016-11-24,917.1477392298898,5,45
SRF,closed,2016-10-26,355.32629602934804,8,2016-12-08,296.1837700686791,11,43
MUTHOOTFIN,closed,2016-11-09,301.4371600981315,2,2016-12-08,251.28871050991913,4,29
SUPREMEIND,closed,2016-10-26,868.4084537796475,9,2016-12-08,834.2676810367351,8,43
AIAENG,closed,2016-10-26,1203.0919325898183,18,2016-12-08,1222.6931661899168,6,43
NATCOPHARM,closed,2016-10-26,535.6232372138902,22,2016-12-08,552.3974657560788,16,43
RAMCOCEM,closed,2016-11-09,596.5731876091605,4,2016-12-08,554.616608967113,5,29
POONAWALLA,closed,2016-11-09,100.08359466737625,18,2016-12-22,102.15327018487,18,43
SOLARINDS,closed,2016-11-24,630.7463284474115,25,2016-12-22,663.8359675474416,27,28
ARVIND,closed,2016-10-26,383.0483830208863,11,2016-12-22,321.8667152173278,17,57
OBEROIRLTY,closed,2016-10-26,335.61917728914915,15,2016-12-22,297.5697508721188,12,57
SHRIRAMFIN,closed,2016-11-24,27.062145986728428,19,2016-12-22,24.57217397028189,26,28
PATELENG,closed,2016-11-24,70.45,23,2016-12-22,75.1,22,28
SANOFI,closed,2016-11-24,3587.38365654184,26,2016-12-22,3593.4432830731253,28,28
HINDCOPPER,closed,2016-12-08,63.52006904870315,21,2016-12-22,56.070490974187535,24,14
EIHOTEL,closed,2016-12-08,97.54841141192396,30,2017-01-05,96.2,,28
BATAINDIA,closed,2016-12-08,413.31897025609976,31,2017-01-05,470.4,,28
IIFL,closed,2016-10-26,256.79382633299895,7,2017-01-05,127.27,,71
IOC,closed,2016-11-09,56.67169611455706,1,2017-01-05,117.52,,57
PHOENIXLTD,closed,2016-11-24,171.15440215838666,20,2017-01-05,187.3,,42
MOTHERSON,closed,2016-12-08,12.257658259577834,13,2017-01-05,64.9,,28
AIAENG,closed,2016-12-22,1237.6228527157903,4,2017-01-19,1389.45,,28
SRF,closed,2016-12-22,285.5494612225566,10,2017-01-19,333.77,12,28
MPHASIS,closed,2016-12-22,521.0883839738947,16,2017-01-19,527.15,17,28
GSPL,closed,2016-12-22,124.89256287049214,21,2017-01-19,144.70567941396328,,28
HONAUT,closed,2016-12-08,8431.198262586679,28,2017-01-19,9336.4,24,42
NATCOPHARM,closed,2016-12-22,548.4804068932051,19,2017-01-19,642.75,19,28
COROMANDEL,closed,2017-01-05,313.0,6,2017-01-19,330.4,5,14
ENGINERSIN,closed,2017-01-05,154.95,7,2017-01-19,150.1,1,14
SJVN,closed,2017-01-05,30.6,8,2017-02-03,33.9,8,29
OBEROIRLTY,closed,2017-01-05,313.3,16,2017-02-03,334.9,13,29
SANOFI,closed,2017-01-05,4200.55,19,2017-02-03,4080.7,26,29
ARVIND,closed,2017-01-05,365.7,22,2017-02-03,378.1,20,29
MUTHOOTFIN,closed,2016-12-22,228.631531693451,5,2017-02-03,343.5,5,43
VOLTAS,closed,2017-01-05,344.45,21,2017-02-03,330.1,25,29
ASHOKLEY,closed,2017-01-05,41.98,23,2017-02-03,47.25,23,29
SPARC,closed,2017-01-19,329.95,22,2017-02-17,310.1,31,29
THOMASCOOK,closed,2017-01-19,195.8,25,2017-02-17,192.45,34,29
TORNTPOWER,closed,2017-01-19,197.75,28,2017-02-17,206.55,28,29
WHIRLPOOL,closed,2016-12-22,862.3444478072466,9,2017-02-17,985.45,11,57
GODREJPROP,closed,2017-01-05,325.0,25,2017-02-17,355.4,25,43
SYMPHONY,closed,2017-02-03,1301.95,4,2017-02-17,1291.8,4,14
NATCOPHARM,closed,2017-02-03,719.5,12,2017-03-06,769.5,9,31
POONAWALLA,closed,2017-02-03,104.4,15,2017-03-06,98.5,27,31
MPHASIS,closed,2017-02-03,560.05,18,2017-03-06,591.8,19,31
APOLLOTYRE,closed,2016-11-09,181.2512256949573,17,2017-03-06,182.7,25,117
BALKRISIND,closed,2016-12-08,556.7399400457821,2,2017-03-06,661.1,5,88
SYNGENE,closed,2017-01-19,295.55,10,2017-03-06,243.55,24,46
ASHOKLEY,closed,2017-02-17,46.95,24,2017-03-06,45.25,30,17
HONAUT,closed,2017-02-17,9996.45,26,2017-03-21,9798.9,27,32
SANOFI,closed,2017-02-17,4099.35,29,2017-03-21,4578.95,26,32
THERMAX,closed,2017-02-17,850.0,30,2017-03-21,915.0,25,32
STAR,closed,2017-03-06,1168.4,20,2017-04-05,1127.5,32,30
GODREJPROP,closed,2017-03-06,366.1,22,2017-04-05,436.2,19,30
SUPREMEIND,closed,2016-12-22,859.4660870539766,6,2017-04-05,1113.5,17,104
TATACONSUM,closed,2017-02-17,138.43,21,2017-04-20,150.28,24,62
SRF,closed,2017-03-06,316.24,16,2017-04-20,342.22,23,45
EDELWEISS,closed,2017-02-03,123.55,2,2017-05-05,169.65,2,91
POONAWALLA,closed,2017-03-21,104.8,23,2017-05-05,118.25,21,45
ENGINERSIN,closed,2017-04-05,150.6,1,2017-05-05,165.9,1,30
APOLLOTYRE,closed,2017-03-21,204.95,22,2017-05-05,245.9,11,45
NATCOPHARM,closed,2017-04-05,866.25,7,2017-05-19,922.0,6,44
OBEROIRLTY,closed,2017-04-05,377.35,13,2017-05-19,392.05,16,44
ARVIND,closed,2017-04-20,398.85,15,2017-05-19,377.25,21,29
CESC,closed,2017-01-19,68.54,4,2017-05-19,87.76,5,120
CGPOWER,closed,2017-01-19,64.7,27,2017-05-19,91.65,15,120
COROMANDEL,closed,2017-02-03,337.65,6,2017-06-02,417.8,9,119
MPHASIS,closed,2017-05-05,561.25,26,2017-06-02,620.25,25,28
SANOFI,closed,2017-05-05,4177.1,29,2017-06-02,4061.65,29,28
VOLTAS,closed,2017-02-17,346.0,17,2017-06-02,500.45,17,105
SYNGENE,closed,2017-04-20,272.38,16,2017-06-16,228.5,26,57
SUPREMEIND,closed,2017-05-19,1159.35,19,2017-06-16,1189.55,18,28
THOMASCOOK,closed,2017-05-19,224.85,26,2017-06-16,226.1,25,28
CROMPTON,closed,2017-06-02,242.45,8,2017-07-03,227.65,11,31
OBEROIRLTY,closed,2017-06-02,398.3,15,2017-07-03,368.0,19,31
SYMPHONY,closed,2017-03-06,1328.75,3,2017-07-03,1380.15,4,119
MUTHOOTFIN,closed,2017-03-06,350.15,6,2017-07-03,456.55,6,119
BALKRISIND,closed,2017-03-21,719.33,3,2017-07-03,840.13,3,104
THERMAX,closed,2017-06-16,967.25,24,2017-07-17,899.7,33,31
PVRINOX,closed,2016-11-09,1223.597392304334,9,2017-07-17,1381.95,16,250
SRF,closed,2017-05-19,347.73,18,2017-07-17,308.23,25,59
NATCOPHARM,closed,2017-06-02,955.85,7,2017-07-17,987.95,11,45
APOLLOTYRE,closed,2017-06-02,247.15,12,2017-07-17,253.35,10,45
SANOFI,closed,2017-07-03,4180.55,26,2017-07-31,4304.5,32,28
SYNGENE,closed,2017-07-03,235.93,27,2017-07-31,237.1,31,28
THOMASCOOK,closed,2017-07-03,252.65,28,2017-07-31,224.95,29,28
TATACONSUM,closed,2017-05-05,150.43,22,2017-07-31,167.47,20,87
CESC,closed,2017-06-02,91.7,6,2017-08-14,94.13,6,73
EDELWEISS,closed,2017-07-03,191.1,2,2017-08-14,239.8,2,42
BALKRISIND,closed,2017-07-17,839.25,2,2017-08-14,765.63,3,28
CROMPTON,closed,2017-07-17,214.95,14,2017-08-14,225.15,15,28
ASHOKLEY,closed,2017-07-17,54.13,21,2017-08-14,52.38,19,28
CGPOWER,closed,2017-07-31,84.85,28,2017-08-30,79.55,36,30
SRF,closed,2017-07-31,303.75,30,2017-08-30,295.39,37,30
WHIRLPOOL,closed,2017-03-06,1037.3,11,2017-08-30,1180.25,22,177
HONAUT,closed,2017-05-05,11327.5,24,2017-08-30,13060.9,21,117
COROMANDEL,closed,2017-06-16,433.4,8,2017-08-30,438.45,9,75
MGL,closed,2017-07-17,985.25,5,2017-08-30,1038.85,6,44
SUPREMEIND,closed,2017-07-17,1158.05,17,2017-08-30,1160.35,23,44
QUESS,closed,2017-07-31,896.6,7,2017-08-30,844.95,8,30
APOLLOTYRE,closed,2017-08-14,262.9,13,2017-09-13,260.0,22,30
TATACONSUM,closed,2017-08-14,176.56,22,2017-09-13,204.75,16,30
NATCOPHARM,closed,2017-08-14,738.45,23,2017-09-13,766.95,27,30
GODREJPROP,closed,2017-05-19,513.5,12,2017-09-13,632.9,10,117
TORNTPOWER,closed,2017-07-31,181.95,21,2017-09-13,222.7,18,44
PVRINOX,closed,2017-08-14,1288.0,31,2017-09-13,1323.35,32,30
CESC,closed,2017-08-30,102.11,5,2017-09-13,104.89,4,14
MUTHOOTFIN,closed,2017-08-30,463.05,13,2017-09-13,508.2,14,14
SANOFI,closed,2017-08-30,3969.9,31,2017-09-27,4051.85,29,28
SPARC,closed,2017-08-30,392.6,32,2017-09-27,359.45,30,28
EDELWEISS,closed,2017-08-30,242.0,2,2017-09-27,262.7,2,28
COROMANDEL,closed,2017-09-13,422.0,13,2017-09-27,414.5,7,14
STAR,closed,2017-09-13,957.6,31,2017-10-12,864.15,39,29
ADANIENT,closed,2017-02-03,91.66,19,2017-10-12,116.44,10,251
THOMASCOOK,closed,2017-08-14,218.6,32,2017-10-12,239.55,28,59
ASHOKLEY,closed,2017-08-30,53.65,20,2017-10-12,62.68,13,43
ARVIND,closed,2017-08-30,366.1,24,2017-10-27,399.75,31,58
MGL,closed,2017-09-13,1150.1,6,2017-10-27,1213.55,13,44
THERMAX,closed,2017-09-13,897.7,30,2017-10-27,985.7,29,44
CROMPTON,closed,2017-08-30,219.75,19,2017-10-27,219.25,26,58
OBEROIRLTY,closed,2017-09-13,399.1,21,2017-10-27,451.75,22,44
WHIRLPOOL,closed,2017-09-27,1233.35,22,2017-11-10,1364.75,30,44
SANOFI,closed,2017-10-12,4252.7,26,2017-11-10,4447.6,31,29
POONAWALLA,closed,2017-05-19,128.4,17,2017-11-10,174.9,15,175
VOLTAS,closed,2017-06-16,489.55,16,2017-11-10,571.7,19,147
MUTHOOTFIN,closed,2017-09-27,460.6,17,2017-11-10,483.8,18,44
TORNTPOWER,closed,2017-09-27,210.05,20,2017-11-10,262.45,14,44
TATACONSUM,closed,2017-10-12,209.4,18,2017-11-10,233.25,9,29
ENGINERSIN,closed,2017-10-27,181.4,1,2017-11-24,184.5,1,28
ADANIENT,closed,2017-10-27,125.98,7,2017-11-24,148.57,5,28
NLCINDIA,closed,2017-10-27,96.2,11,2017-11-24,106.35,12,28
HONAUT,closed,2017-09-13,14432.6,15,2017-11-24,16948.5,11,72
BALKRISIND,closed,2017-09-27,839.43,4,2017-11-24,1037.2,8,58
MPHASIS,closed,2017-10-27,704.25,20,2017-11-24,717.6,27,28
APOLLOTYRE,closed,2017-11-10,236.0,25,2017-12-08,247.9,29,28
SUPREMEIND,closed,2017-09-13,1171.55,24,2017-12-08,1182.9,28,86
COROMANDEL,closed,2017-10-12,484.4,4,2017-12-08,518.0,7,57
EDELWEISS,closed,2017-11-10,281.75,2,2017-12-08,286.55,2,28
CROMPTON,closed,2017-11-10,251.45,20,2017-12-08,269.4,13,28
SYMPHONY,closed,2017-11-10,1589.65,28,2017-12-22,1783.0,27,42
SRF,closed,2017-11-24,369.61,31,2017-12-22,391.4,33,28
PFIZER,closed,2017-11-24,1925.75,33,2017-12-22,2048.15,39,28
QUESS,closed,2017-09-13,842.35,12,2017-12-22,1073.95,16,100
VOLTAS,closed,2017-11-24,623.55,10,2018-01-08,638.65,,45
THERMAX,closed,2017-11-24,1050.9,32,2018-01-08,1249.25,21,45
GODREJPROP,closed,2017-10-27,657.5,6,2018-01-08,736.95,,73
ENDURANCE,closed,2017-11-10,1136.8,8,2018-01-08,1349.55,,59
MGL,closed,2017-11-10,1126.1,13,2018-01-08,1097.8,,59
ASHOKLEY,closed,2017-11-10,55.98,24,2018-01-08,64.22,26,59
WHIRLPOOL,closed,2017-11-24,1521.3,22,2018-01-08,1561.25,,45
ADANIENT,closed,2017-12-08,146.44,8,2018-01-08,190.46,6,31
BALKRISIND,closed,2017-12-08,1207.72,9,2018-01-08,1202.8,,31
JSWENERGY,closed,2017-12-08,82.9,24,2018-01-08,91.45,30,31
ENGINERSIN,closed,2017-12-22,204.9,1,2018-01-22,177.1,,31
EDELWEISS,closed,2017-12-22,294.0,2,2018-01-22,289.55,,31
NATCOPHARM,closed,2017-10-12,992.85,8,2018-01-22,1013.45,23,102
HONAUT,closed,2017-12-08,17176.6,11,2018-01-22,17690.7,9,45
MUTHOOTFIN,closed,2017-12-08,439.25,16,2018-02-06,391.7,33,60
HATSUN,closed,2018-01-08,612.29,8,2018-02-06,540.05,8,29
CGPOWER,closed,2018-01-08,96.35,25,2018-02-06,83.55,29,29
COROMANDEL,closed,2017-12-22,538.05,13,2018-02-06,544.3,10,46
CROMPTON,closed,2017-12-22,268.4,14,2018-02-06,242.15,30,46
KRBL,closed,2018-01-08,634.15,10,2018-02-06,552.95,14,29
OBEROIRLTY,closed,2018-01-08,493.45,24,2018-02-06,459.15,18,29
INDHOTEL,closed,2018-01-08,140.6,27,2018-02-21,132.65,30,44
SCHAEFFLER,closed,2018-01-22,1168.71,25,2018-02-21,1079.42,22,30
ABREL,closed,2018-01-08,1435.95,16,2018-02-21,1171.25,24,44
PRESTIGE,closed,2018-01-22,313.5,11,2018-02-21,309.4,8,30
HONAUT,closed,2018-02-06,15931.0,9,2018-03-08,15946.0,10,30
JSWENERGY,closed,2018-02-06,82.75,22,2018-03-08,79.5,20,30
NATCOPHARM,closed,2018-02-06,901.25,23,2018-03-08,715.55,43,30
RAIN,closed,2018-01-08,461.2,2,2018-03-08,382.6,2,59
MPHASIS,closed,2018-01-22,802.0,24,2018-03-08,833.2,18,45
DBL,closed,2018-02-06,814.7,3,2018-03-08,1004.3,3,30
ITI,closed,2018-02-06,98.35,7,2018-03-08,114.2,4,30
OBEROIRLTY,closed,2018-02-21,466.65,19,2018-03-22,487.55,17,29
APOLLOTYRE,closed,2018-02-06,248.25,24,2018-03-22,260.2,18,44
ADANIENT,closed,2018-03-08,163.79,6,2018-03-22,154.58,10,14
ABREL,closed,2018-03-08,1171.3,21,2018-03-22,1149.9,26,14
TORNTPOWER,closed,2018-03-08,254.9,23,2018-03-22,231.5,29,14
CROMPTON,closed,2018-03-08,239.75,24,2018-03-22,239.2,21,14
KRBL,closed,2018-03-08,466.7,25,2018-04-09,448.5,32,32
TATACHEM,closed,2018-03-08,695.05,26,2018-04-09,720.25,22,32
SUPREMEIND,closed,2018-03-08,1195.0,29,2018-04-09,1217.6,28,32
ASHOKLEY,closed,2018-02-06,63.45,20,2018-04-09,73.18,7,62
ITI,closed,2018-03-22,118.65,4,2018-04-23,125.55,6,32
HONAUT,closed,2018-03-22,15173.0,11,2018-04-23,18875.9,5,32
VBL,closed,2018-01-08,41.43,17,2018-04-23,37.96,14,105
RAIN,closed,2018-03-22,380.25,2,2018-04-23,340.55,2,32
DBL,closed,2018-04-09,1160.25,3,2018-05-08,1152.6,2,29
CESC,closed,2018-04-09,101.8,21,2018-05-08,106.31,29,29
GRAPHITE,closed,2018-01-08,851.05,1,2018-05-08,732.15,1,120
JMFINANCIL,closed,2018-01-22,163.85,7,2018-05-08,139.8,24,106
THERMAX,closed,2018-03-22,1162.8,19,2018-05-08,1142.5,31,47
SPARC,closed,2018-04-23,423.3,17,2018-05-22,361.7,13,29
NATIONALUM,closed,2018-04-23,84.85,25,2018-05-22,73.45,21,29
QUESS,closed,2018-02-21,979.3,16,2018-05-22,1117.05,10,90
COROMANDEL,closed,2018-02-21,507.85,17,2018-05-22,440.65,23,90
RAMCOCEM,closed,2018-04-09,788.65,23,2018-05-22,791.75,20,43
INDHOTEL,closed,2018-04-23,149.6,21,2018-05-22,139.8,35,29
EXIDEIND,closed,2018-05-08,267.45,15,2018-05-22,248.35,29,14
KRBL,closed,2018-05-08,506.4,22,2018-06-05,518.7,11,28
MUTHOOTFIN,closed,2018-05-08,442.8,28,2018-06-05,380.6,38,28
POONAWALLA,closed,2017-11-24,168.5,14,2018-06-05,158.4,13,193
HATSUN,closed,2018-02-21,556.97,9,2018-06-05,511.9,14,104
PRESTIGE,closed,2018-03-22,288.7,8,2018-06-05,230.5,36,75
TATACHEM,closed,2018-04-23,731.75,24,2018-06-05,725.85,18,43
DBL,closed,2018-05-22,1071.15,2,2018-06-05,819.45,3,14
JSWENERGY,closed,2018-05-08,71.85,26,2018-06-19,71.4,18,42
GRAPHITE,closed,2018-05-22,824.9,1,2018-06-19,789.5,1,28
RAIN,closed,2018-05-22,227.4,3,2018-06-19,198.0,2,28
JMFINANCIL,closed,2018-05-22,133.1,18,2018-06-19,129.0,30,28
APOLLOTYRE,closed,2018-06-05,269.05,17,2018-06-19,268.5,26,14
SUPREMEIND,closed,2018-06-05,1264.8,20,2018-07-03,1113.9,33,28
COROMANDEL,closed,2018-06-05,431.2,26,2018-07-03,423.55,26,28
ASHOKLEY,closed,2018-05-22,70.45,6,2018-07-03,64.75,7,42
VBL,closed,2018-05-22,41.17,9,2018-07-03,44.59,6,42
SCHAEFFLER,closed,2018-05-22,1064.6,15,2018-07-03,1110.66,11,42
SPARC,closed,2018-06-05,362.2,15,2018-07-03,384.2,9,28
HATSUN,closed,2018-06-19,514.84,12,2018-07-17,477.15,22,28
CESC,closed,2018-06-19,94.01,24,2018-07-17,89.74,18,28
TORNTPOWER,closed,2018-06-05,249.25,10,2018-07-17,226.15,8,42
AIAENG,closed,2018-06-05,1554.95,25,2018-07-17,1589.55,15,42
POONAWALLA,closed,2018-06-19,164.6,17,2018-07-31,149.8,35,42
PRESTIGE,closed,2018-07-03,272.9,15,2018-07-31,253.15,31,28
WOCKPHARMA,closed,2018-07-03,643.25,19,2018-07-31,588.2,32,28
HONAUT,closed,2018-05-08,18789.1,6,2018-07-31,19717.7,3,84
THERMAX,closed,2018-06-05,1082.1,24,2018-07-31,1172.85,10,56
SCHAEFFLER,closed,2018-07-17,1058.41,13,2018-08-14,1075.74,12,28
INDHOTEL,closed,2018-07-17,129.35,19,2018-08-14,125.05,33,28
EXIDEIND,closed,2018-06-19,249.05,22,2018-08-14,292.1,8,56
ASHOKLEY,closed,2018-07-17,64.28,10,2018-08-14,63.0,13,28
QUESS,closed,2018-07-17,1069.25,12,2018-08-14,1020.7,18,28
RAMCOCEM,closed,2018-07-31,718.0,19,2018-08-30,692.8,31,30
MPHASIS,closed,2018-03-22,844.95,14,2018-08-30,1260.7,2,161
GRAPHITE,closed,2018-07-03,925.35,1,2018-08-30,989.7,1,58
RAIN,closed,2018-07-03,190.46831134189102,3,2018-08-30,193.75,8,58
DBL,closed,2018-07-03,658.65,5,2018-08-30,833.15,7,58
TORNTPOWER,closed,2018-07-31,240.45,8,2018-08-30,264.1,13,30
THERMAX,closed,2018-08-14,1035.0,16,2018-09-14,994.3,16,31
IIFL,closed,2018-01-08,342.57,5,2018-09-14,320.16,29,249
HATSUN,closed,2018-07-31,481.34,21,2018-09-14,544.55,10,45
ITI,closed,2018-08-14,87.5,19,2018-09-14,101.25,27,31
OBEROIRLTY,closed,2018-04-09,502.6,17,2018-10-01,403.8,22,175
ADANIENT,closed,2018-08-14,196.13,5,2018-10-01,133.16,7,48
SPARC,closed,2018-08-14,384.65,20,2018-10-01,336.0,29,48
EXIDEIND,closed,2018-08-30,284.45,6,2018-10-01,262.85,6,32
WOCKPHARMA,closed,2018-08-30,665.8,23,2018-10-16,519.3,35,47
PIIND,closed,2018-08-30,774.8,27,2018-10-16,788.05,12,47
AIAENG,closed,2018-07-31,1650.0,13,2018-10-16,1588.6,9,77
DBL,closed,2018-10-01,637.15,12,2018-10-31,422.85,45,30
ASHOKLEY,closed,2018-08-30,65.43,12,2018-10-31,57.35,20,62
INDHOTEL,closed,2018-08-30,134.9,17,2018-10-31,128.8,8,62
RAIN,closed,2018-09-14,186.5,12,2018-10-31,184.45,37,47
GRAPHITE,closed,2018-10-01,854.35,1,2018-11-15,985.05,1,45
NLCINDIA,closed,2018-10-16,85.05,20,2018-11-15,81.4,26,30
TATACHEM,closed,2018-06-19,724.1,13,2018-11-15,687.5,18,149
TORNTPOWER,closed,2018-09-14,249.3,20,2018-11-15,266.6,16,62
PVRINOX,closed,2018-10-01,1224.9,20,2018-11-15,1410.15,14,45
SPARC,closed,2018-10-31,296.2,27,2018-11-30,260.0,41,30
VBL,closed,2018-07-31,44.6,6,2018-11-30,45.96,2,122
ARE&M,closed,2018-08-30,842.5,24,2018-11-30,709.25,19,92
GLENMARK,closed,2018-09-14,692.3,8,2018-11-30,653.15,8,77
QUESS,closed,2018-09-14,920.75,14,2018-12-14,692.05,33,91
EXIDEIND,closed,2018-11-15,248.8,5,2018-12-14,257.65,5,29
SCHAEFFLER,closed,2018-08-30,1086.06,11,2018-12-14,1086.85,12,106
HONAUT,closed,2018-10-01,20420.3,4,2018-12-14,23273.8,2,74
MPHASIS,closed,2018-10-16,1129.55,2,2018-12-14,972.15,4,59
APOLLOTYRE,closed,2018-10-16,220.3,22,2018-12-31,235.95,18,76
CROMPTON,closed,2018-07-03,226.15,24,2018-12-31,228.05,25,181
PIIND,closed,2018-10-31,775.8,13,2018-12-31,862.45,20,61
RAMCOCEM,closed,2018-10-31,599.65,26,2018-12-31,639.9,29,61
ADANIENT,closed,2018-11-30,159.97,10,2018-12-31,156.09,12,31
TORNTPOWER,closed,2018-11-30,270.9,12,2018-12-31,261.8,14,31
TATACHEM,closed,2018-11-30,697.45,18,2019-01-14,693.05,,45
IIFL,closed,2018-12-14,234.17,28,2019-01-14,227.78,39,31
INDHOTEL,closed,2018-11-15,131.25,6,2019-01-14,139.8,,60
THERMAX,closed,2018-11-15,1017.05,12,2019-01-14,1134.05,20,60
MUTHOOTFIN,closed,2018-11-15,467.55,17,2019-01-14,531.65,,60
CHOLAHLDNG,closed,2018-11-30,520.85,21,2019-01-14,469.35,,45
GLENMARK,closed,2018-12-14,668.55,6,2019-01-14,666.7,,31
MPHASIS,closed,2018-12-31,1018.45,2,2019-01-14,876.45,,14
GRAPHITE,closed,2018-12-31,755.35,6,2019-01-28,499.8,39,28
OBEROIRLTY,closed,2018-12-31,440.85,17,2019-01-28,448.1,,28
ASHOKLEY,closed,2018-11-15,53.05,21,2019-01-28,41.5,37,74
PVRINOX,closed,2018-12-14,1557.4,8,2019-01-28,1577.2,10,45
SUPREMEIND,closed,2018-12-14,1095.2,18,2019-01-28,994.2,35,45
COROMANDEL,closed,2018-12-14,440.0,24,2019-01-28,434.85,31,45
ARE&M,closed,2018-12-31,742.85,19,2019-02-11,740.45,17,42
CRISIL,closed,2018-12-31,1613.55,22,2019-02-11,1556.65,31,42
JUBLFOOD,closed,2019-01-14,241.5,7,2019-02-11,262.34,5,28
SRF,closed,2019-01-14,405.29,14,2019-02-11,441.81,8,28
SUNDRMFAST,closed,2019-01-14,515.65,22,2019-02-11,519.1,15,28
CASTROLIND,closed,2019-01-14,158.5,28,2019-02-11,146.05,29,28
THERMAX,closed,2019-01-28,1117.5,20,2019-02-25,963.4,32,28
CROMPTON,closed,2019-01-28,225.85,23,2019-02-25,211.15,22,28
NATIONALUM,closed,2019-01-28,59.9,28,2019-02-25,48.35,38,28
THOMASCOOK,closed,2019-01-14,233.5,17,2019-02-25,214.95,21,42
FORTIS,closed,2019-01-14,139.3,27,2019-02-25,136.0,18,42
SYNGENE,closed,2019-01-28,283.58,14,2019-02-25,293.13,14,28
HEG,closed,2019-01-28,440.06,26,2019-03-12,443.9,35,43
IPCALAB,closed,2019-02-11,365.33,6,2019-03-12,464.1,4,29
VBL,closed,2018-12-31,46.48,1,2019-03-12,48.52,6,71
PHOENIXLTD,closed,2019-01-14,278.25,15,2019-03-12,314.63,22,57
PVRINOX,closed,2019-02-11,1494.95,11,2019-03-12,1632.55,9,29
PIIND,closed,2019-02-25,920.65,11,2019-03-27,1029.45,11,30
APLLTD,closed,2019-02-25,539.6,16,2019-03-27,529.1,18,30
AIAENG,closed,2018-10-31,1712.9,7,2019-03-27,1762.9,10,147
PFIZER,closed,2019-01-14,2691.85,8,2019-03-27,3267.1,2,72
JUBLPHARMA,closed,2019-03-12,837.95,14,2019-04-10,686.85,31,29
RAMCOCEM,closed,2019-03-12,737.9,17,2019-04-10,756.7,22,29
SUPREMEIND,closed,2019-03-12,1144.9,21,2019-04-10,1130.1,23,29
ASTRAL,closed,2019-01-28,487.98,6,2019-04-10,536.78,7,72
SUNDARMFIN,closed,2019-02-25,1495.9,20,2019-04-10,1442.05,30,44
CROMPTON,closed,2019-03-12,229.65,20,2019-04-26,230.45,16,45
MFSL,closed,2019-03-27,448.55,15,2019-04-26,434.35,19,30
ARE&M,closed,2019-03-27,721.4,26,2019-04-26,666.55,32,30
BATAINDIA,closed,2019-02-11,1188.4,1,2019-04-26,1446.55,1,74
JUBLFOOD,closed,2019-03-12,268.37,5,2019-05-14,238.96,16,63
PVRINOX,closed,2019-03-27,1606.0,8,2019-05-14,1726.9,7,48
MAHABANK,closed,2019-03-27,13.3,25,2019-05-14,15.2,12,48
AIAENG,closed,2019-04-10,1798.95,8,2019-05-14,1728.65,4,34
PHOENIXLTD,closed,2019-04-10,328.85,14,2019-05-14,299.13,15,34
FORTIS,closed,2019-04-10,135.75,18,2019-05-28,127.25,25,48
SUPREMEIND,closed,2019-04-26,1159.6,23,2019-05-28,1070.1,31,32
AARTIIND,closed,2019-02-11,385.41,3,2019-05-28,455.93,3,106
EIHOTEL,closed,2019-02-11,187.9,14,2019-05-28,196.3,11,106
SRF,closed,2019-02-25,447.52,9,2019-05-28,577.98,2,92
IPCALAB,closed,2019-04-10,472.58,3,2019-05-28,465.8,7,48
VBL,closed,2019-04-10,50.95,6,2019-05-28,56.13,5,48
APLLTD,closed,2019-04-26,567.85,12,2019-06-12,499.9,11,47
BATAINDIA,closed,2019-05-14,1310.25,1,2019-06-12,1429.35,1,29
CROMPTON,closed,2019-05-14,220.1,20,2019-06-12,240.05,15,29
SANOFI,closed,2019-02-11,6348.2,7,2019-06-12,5428.45,14,121
RAMCOCEM,closed,2019-04-26,783.85,20,2019-06-12,790.35,17,47
SYNGENE,closed,2019-04-26,304.5,22,2019-06-12,333.15,13,47
TATACOMM,closed,2019-05-14,549.4,23,2019-06-26,480.05,32,43
MAHABANK,closed,2019-05-28,16.7,8,2019-06-26,15.55,10,29
SUNDARMFIN,closed,2019-05-28,1503.0,27,2019-06-26,1627.9,23,29
SUNDRMFAST,closed,2019-02-25,510.65,17,2019-06-26,515.05,30,121
AIAENG,closed,2019-05-28,1723.6,16,2019-06-26,1749.25,11,29
MFSL,closed,2019-05-28,428.9,26,2019-06-26,430.4,25,29
JUBLFOOD,closed,2019-06-12,264.97,16,2019-06-26,248.35,26,14
FORTIS,closed,2019-06-12,131.15,25,2019-07-10,128.7,25,28
APOLLOTYRE,closed,2019-06-12,191.75,35,2019-07-10,187.0,33,28
JSWENERGY,closed,2019-05-14,67.15,21,2019-07-24,69.8,16,71
CROMPTON,closed,2019-06-26,236.1,16,2019-08-07,228.0,20,42
TORNTPOWER,closed,2019-02-25,240.55,19,2019-08-07,294.65,7,163
PIIND,closed,2019-05-14,1023.05,9,2019-08-07,1084.25,4,85
PVRINOX,closed,2019-06-26,1634.25,9,2019-08-07,1470.35,6,42
SANOFI,closed,2019-06-26,5520.05,15,2019-08-07,6014.3,13,42
EIHOTEL,closed,2019-06-26,174.9,17,2019-08-07,160.8,16,42
APLLTD,closed,2019-06-26,489.95,21,2019-08-07,520.15,22,42
SUNDARMFIN,closed,2019-07-10,1593.05,22,2019-08-23,1524.0,14,44
MAHABANK,closed,2019-07-24,14.35,9,2019-08-23,11.4,23,30
COROMANDEL,closed,2019-06-12,424.4,22,2019-08-23,360.05,27,72
AARTIIND,closed,2019-06-26,446.38,4,2019-08-23,373.15,11,58
VBL,closed,2019-06-26,55.17,8,2019-09-09,55.8,8,75
FORTIS,closed,2019-08-07,119.35,25,2019-09-09,126.6,25,33
PHOENIXLTD,closed,2019-05-28,311.33,24,2019-09-09,347.6,10,104
JSWENERGY,closed,2019-08-07,70.2,12,2019-09-09,66.15,17,33
SANOFI,closed,2019-08-23,6042.45,18,2019-09-24,5922.75,27,32
ASTRAL,closed,2019-05-28,583.61,4,2019-09-24,660.63,5,119
PFIZER,closed,2019-05-28,3291.0,6,2019-09-24,3362.9,26,119
SRF,closed,2019-06-12,577.9,2,2019-09-24,576.32,4,104
JUBLFOOD,closed,2019-08-07,230.54,26,2019-09-24,289.05,15,48
EIHOTEL,closed,2019-09-09,155.8,22,2019-10-10,171.95,14,31
TATACOMM,closed,2019-09-09,419.95,30,2019-10-10,370.5,34,31
THERMAX,closed,2019-06-12,1116.8,18,2019-10-10,1120.2,13,120
BATAINDIA,closed,2019-07-10,1367.55,2,2019-10-10,1701.65,3,92
SYNGENE,closed,2019-08-07,314.85,11,2019-10-10,309.1,22,64
AIAENG,closed,2019-08-07,1650.05,17,2019-10-10,1623.35,25,64
MAHABANK,closed,2019-09-24,11.9,24,2019-10-25,10.75,28,31
RAMCOCEM,closed,2019-08-07,737.85,14,2019-10-25,755.35,10,79
AARTIIND,closed,2019-09-09,396.18,6,2019-10-25,434.98,8,46
PHOENIXLTD,closed,2019-10-10,348.98,8,2019-11-08,365.88,11,29
SUPREMEIND,closed,2019-08-07,1050.5,24,2019-11-08,1150.15,19,93
PIIND,closed,2019-08-23,1144.9,2,2019-11-08,1400.25,2,77
SUNDARMFIN,closed,2019-09-09,1535.1,16,2019-11-08,1573.15,23,60
COROMANDEL,closed,2019-09-24,417.35,17,2019-11-08,469.7,17,45
EIHOTEL,closed,2019-10-25,170.75,20,2019-11-25,150.1,32,31
RAMCOCEM,closed,2019-11-08,796.2,9,2019-11-25,796.0,11,17
AARTIIND,closed,2019-11-08,406.1,13,2019-11-25,408.33,16,17
MFSL,closed,2019-11-08,482.0,15,2019-12-09,518.7,14,31
CROMPTON,closed,2019-09-24,264.0,9,2019-12-09,247.1,16,76
VBL,closed,2019-09-24,56.85,11,2019-12-09,62.63,8,76
FORTIS,closed,2019-09-24,136.35,23,2019-12-09,137.3,30,76
ASTRAL,closed,2019-10-10,654.41,5,2019-12-09,651.09,9,60
IPCALAB,closed,2019-10-10,428.25,10,2019-12-09,546.63,7,60
PFIZER,closed,2019-10-25,3493.15,14,2019-12-09,4285.65,4,45
PHOENIXLTD,closed,2019-11-25,387.85,12,2019-12-23,381.28,13,28
TORNTPOWER,closed,2019-08-23,283.9,6,2019-12-23,283.75,22,122
HDFCAMC,closed,2019-10-10,1361.78,1,2019-12-23,1613.08,1,74
SRF,closed,2019-10-10,548.68,4,2019-12-23,671.44,4,74
JUBLFOOD,closed,2019-10-10,263.6,18,2019-12-23,313.6,11,74
BATAINDIA,closed,2019-10-25,1763.5,2,2019-12-23,1708.25,3,59
PIIND,closed,2019-12-09,1484.3,2,2019-12-23,1471.0,2,14
COROMANDEL,closed,2019-12-09,509.35,12,2019-12-23,515.05,12,14
CRISIL,closed,2019-12-09,1662.85,22,2019-12-23,1987.7,10,14
PVRINOX,closed,2019-08-23,1491.35,8,2020-01-07,1867.15,,137
SYNGENE,closed,2019-11-08,330.35,21,2020-01-07,309.75,20,60
ATGL,closed,2019-11-25,147.3,2,2020-01-07,171.1,,43
SUNDARMFIN,closed,2019-11-25,1626.75,18,2020-01-07,1618.0,,43
PFIZER,closed,2019-12-23,4249.55,6,2020-01-07,4063.75,,15
IPCALAB,closed,2019-12-23,564.53,7,2020-01-07,569.83,8,15
ASTRAL,closed,2019-12-23,638.78,9,2020-01-07,645.13,,15
JINDALSTEL,closed,2019-12-23,157.8,25,2020-01-07,167.35,,15
FORTIS,closed,2019-12-23,132.05,31,2020-01-07,133.05,,15
MAHABANK,closed,2019-12-23,11.7,32,2020-01-21,13.85,,29
SUNDRMFAST,closed,2019-12-23,435.6,33,2020-01-21,500.25,29,29
NATCOPHARM,closed,2019-12-23,573.45,34,2020-01-21,645.35,31,29
JSWENERGY,closed,2019-11-08,76.55,20,2020-01-21,66.3,30,74
ARE&M,closed,2019-12-09,732.1,26,2020-01-21,775.1,25,43
APLLTD,closed,2019-12-09,551.85,27,2020-01-21,599.6,26,43
AAVAS,closed,2020-01-07,1970.8,1,2020-01-21,1957.65,1,14
CREDITACC,closed,2020-01-07,761.5,2,2020-01-21,774.0,2,14
OIL,closed,2020-01-07,102.97,30,2020-02-03,82.03,42,27
SANOFI,closed,2019-12-09,7017.65,17,2020-02-03,6649.3,24,56
RELAXO,closed,2020-01-07,630.4,4,2020-02-03,720.6,2,27
MOTILALOFS,closed,2020-01-07,203.88,12,2020-02-03,193.15,19,27
UNOMINDA,closed,2020-01-21,192.85,17,2020-02-17,187.1,16,27
CRISIL,closed,2020-01-21,1787.85,22,2020-02-17,1582.25,30,27
GSPL,closed,2020-01-07,220.60157054989506,9,2020-02-17,224.93714664058402,10,41
SUPREMEIND,closed,2020-01-07,1142.75,25,2020-03-03,1301.75,18,56
TRENT,closed,2020-02-03,396.03,5,2020-03-03,483.97,1,29
SYNGENE,closed,2020-01-21,306.45,20,2020-03-03,293.85,27,42
AIAENG,closed,2020-01-21,1789.85,23,2020-03-03,1790.8,24,42
TORNTPOWER,closed,2020-02-03,302.45,20,2020-03-18,278.25,8,44
ARE&M,closed,2020-02-17,762.8,29,2020-03-18,485.8,33,30
MGL,closed,2020-01-07,1040.75,16,2020-03-18,746.3,22,71
MANAPPURAM,closed,2020-01-21,179.15,4,2020-04-01,93.4,20,71
LTTS,closed,2020-02-17,1712.0,24,2020-04-01,1181.1,19,44
AARTIIND,closed,2019-12-09,397.83,24,2020-04-21,458.2,10,134
CREDITACC,closed,2020-02-03,760.55,3,2020-04-21,402.95,26,78
MOTILALOFS,closed,2020-03-03,186.63,20,2020-05-06,124.05,33,64
AIAENG,closed,2020-04-01,1319.1,25,2020-05-06,1541.75,24,35
IPCALAB,closed,2020-01-21,612.92,8,2020-05-06,774.95,1,106
COROMANDEL,closed,2020-01-21,592.8,11,2020-05-06,605.85,5,106
APOLLOHOSP,closed,2020-03-18,1282.7,10,2020-05-20,1288.45,13,63
CROMPTON,closed,2019-12-23,243.65,21,2020-05-20,211.5,20,149
PHOENIXLTD,closed,2020-01-07,429.1,7,2020-05-20,244.85,25,134
VINATIORGA,closed,2020-01-21,1042.4,10,2020-05-20,951.0,15,120
ATUL,closed,2020-02-03,4834.15,10,2020-05-20,4442.5,7,107
AAVAS,closed,2020-03-03,1918.2,3,2020-06-04,1135.7,29,93
NATCOPHARM,closed,2020-02-17,665.85,28,2020-06-04,590.65,14,108
TRENT,closed,2020-03-18,326.0,2,2020-06-04,370.73,6,78
SANOFI,closed,2020-04-21,7635.1,4,2020-06-04,8129.4,5,44
RELAXO,closed,2020-05-06,605.3,6,2020-06-18,635.65,5,43
SYNGENE,closed,2020-05-06,312.6,15,2020-06-18,374.45,13,43
CRISIL,closed,2020-05-06,1447.2,19,2020-06-18,1452.0,22,43
TORNTPOWER,closed,2020-04-21,291.55,9,2020-06-18,320.2,8,58
MGL,closed,2020-05-20,897.5,18,2020-06-18,1082.65,10,29
AIAENG,closed,2020-05-20,1644.0,21,2020-07-02,1640.8,24,43
VINATIORGA,closed,2020-06-04,1022.2,16,2020-07-02,963.7,25,28
COROMANDEL,closed,2020-05-20,608.85,3,2020-07-02,752.4,1,43
ATUL,closed,2020-06-04,4623.85,10,2020-07-02,4509.15,18,28
APOLLOHOSP,closed,2020-06-04,1364.25,12,2020-07-02,1362.55,22,28
APLLTD,closed,2020-03-03,661.2,17,2020-07-16,969.6,3,135
TRENT,closed,2020-06-18,351.57,7,2020-07-30,366.97,13,42
CROMPTON,closed,2020-07-02,240.05,20,2020-07-30,245.05,21,28
GSPL,closed,2020-03-03,219.80904588815622,7,2020-07-30,189.08706047133862,28,149
BAYERCROP,closed,2020-04-01,3330.8,24,2020-07-30,5585.7,4,120
ARE&M,closed,2020-06-04,660.55,17,2020-08-13,744.0,22,70
SANOFI,closed,2020-06-18,7939.2,6,2020-08-13,8187.5,13,56
TORNTPOWER,closed,2020-07-02,324.25,9,2020-08-13,342.2,19,42
SUPREMEIND,closed,2020-03-18,987.8,18,2020-08-27,1348.8,22,162
AARTIIND,closed,2020-05-20,500.73,6,2020-08-27,562.17,9,99
APOLLOHOSP,closed,2020-07-30,1716.15,15,2020-08-27,1650.0,29,28
CRISIL,closed,2020-07-02,1682.7,14,2020-08-27,1849.2,12,56
BAYERCROP,closed,2020-08-13,6057.3,4,2020-09-10,5667.35,6,28
MGL,closed,2020-08-13,983.95,17,2020-09-10,896.4,27,28
TATACOMM,closed,2020-06-18,584.8,12,2020-09-10,871.95,2,84
MOTILALOFS,closed,2020-07-30,170.39,18,2020-09-24,155.35,26,56
CREDITACC,closed,2020-07-30,523.8,23,2020-09-24,685.85,21,56
ENDURANCE,closed,2020-08-27,1095.85,18,2020-09-24,1057.8,20,28
APLLTD,closed,2020-07-30,986.5,2,2020-09-24,930.25,4,56
TORNTPOWER,closed,2020-08-27,344.1,20,2020-10-09,303.3,22,43
ARE&M,closed,2020-08-27,741.8,21,2020-10-09,740.85,23,43
SYNGENE,closed,2020-07-02,405.35,13,2020-10-09,559.75,3,99
TRENT,closed,2020-08-13,383.4,16,2020-10-23,424.1,14,71
SANOFI,closed,2020-09-24,8387.0,9,2020-10-23,8427.6,11,29
MANAPPURAM,closed,2020-05-20,121.2,16,2020-10-23,165.25,26,156
IPCALAB,closed,2020-07-16,889.28,2,2020-10-23,1087.7,2,99
ASHOKLEY,closed,2020-10-09,37.92,17,2020-11-06,42.5,22,28
ENDURANCE,closed,2020-10-09,1079.7,21,2020-11-06,1055.55,31,28
POLYCAB,closed,2020-05-06,677.0,14,2020-11-06,927.45,24,184
BAYERCROP,closed,2020-09-24,5883.65,6,2020-11-06,5576.05,7,43
APLLTD,closed,2020-10-23,973.75,3,2020-11-20,970.9,3,28
NATCOPHARM,closed,2020-06-18,620.05,14,2020-11-20,912.3,6,155
COROMANDEL,closed,2020-07-30,771.25,1,2020-11-20,773.55,5,113
ATUL,closed,2020-08-27,6261.15,6,2020-11-20,6539.4,8,85
AARTIIND,closed,2020-09-10,519.75,14,2020-12-07,623.33,9,88
VINATIORGA,closed,2020-10-09,1216.0,20,2020-12-07,1143.65,26,59
CROMPTON,closed,2020-10-23,305.2,18,2020-12-07,331.2,16,45
EMAMILTD,closed,2020-11-06,370.95,20,2020-12-07,420.9,15,31
CRISIL,closed,2020-09-10,1781.0,9,2020-12-21,1898.65,29,102
APOLLOHOSP,closed,2020-09-24,1947.65,11,2020-12-21,2335.45,5,88
TRENT,closed,2020-11-06,449.47,15,2020-12-21,456.9,16,45
LTTS,closed,2020-11-06,1691.15,19,2020-12-21,2157.0,14,45
APLLTD,closed,2020-12-07,1029.95,5,2021-01-05,1090.8,6,29
NATCOPHARM,closed,2020-12-07,971.4,6,2021-01-05,966.45,14,29
AIAENG,closed,2020-12-07,2071.45,17,2021-01-05,2011.6,23,29
SUPREMEIND,closed,2020-09-10,1367.95,16,2021-01-05,1748.3,,117
TATACOMM,closed,2020-09-24,782.5,1,2021-01-05,1112.9,,103
SYNGENE,closed,2020-10-23,534.5,5,2021-01-05,630.9,,74
IPCALAB,closed,2020-11-06,1168.4,2,2021-01-05,1086.97,,60
IRCTC,closed,2020-11-20,276.23,9,2021-01-05,291.37,,46
SANOFI,closed,2020-11-20,8210.0,19,2021-01-05,8198.15,24,46
SUNDRMFAST,closed,2020-11-20,513.4,25,2021-01-05,558.3,,46
AARTIIND,closed,2020-12-21,589.35,9,2021-01-19,617.6,,29
CROMPTON,closed,2020-12-21,358.85,13,2021-01-19,395.25,,29
ARE&M,closed,2020-10-23,761.0,21,2021-01-19,992.75,19,88
DALBHARAT,closed,2020-11-20,982.8,20,2021-01-19,1138.95,18,60
EMAMILTD,closed,2020-12-21,421.25,15,2021-01-19,481.35,17,29
NAVINFLUOR,closed,2021-01-05,2619.55,4,2021-02-03,2556.25,4,29
RELAXO,closed,2020-07-02,630.9,5,2021-02-03,838.25,27,216
ASHOKLEY,closed,2020-12-07,47.6,19,2021-02-03,67.22,9,58
HATSUN,closed,2021-01-05,707.02,10,2021-02-03,704.62,15,29
APLLTD,closed,2021-01-19,1030.7,7,2021-02-17,957.6,14,29
SANOFI,closed,2021-01-19,8287.05,23,2021-02-17,7792.2,36,29
AJANTPHARM,closed,2021-01-05,1113.97,7,2021-02-17,1190.13,23,43
EMAMILTD,closed,2021-02-03,486.1,7,2021-03-03,450.65,11,28
POLYCAB,closed,2021-02-03,1295.95,21,2021-03-03,1353.35,26,28
ATUL,closed,2020-12-21,6150.55,8,2021-03-03,6650.45,25,72
JKCEMENT,closed,2021-01-05,2095.6,11,2021-03-03,2695.3,6,57
APOLLOHOSP,closed,2021-02-17,3235.0,7,2021-03-18,2958.7,12,29
JUBLPHARMA,closed,2021-01-05,875.85,12,2021-03-18,719.75,9,72
SUNDARMFIN,closed,2021-01-19,1821.5,25,2021-03-18,2501.35,14,58
DALBHARAT,closed,2021-02-03,1244.0,16,2021-04-05,1536.9,6,61
NAVINFLUOR,closed,2021-02-17,2501.8,4,2021-04-05,2739.6,14,47
ARE&M,closed,2021-03-03,914.2,19,2021-04-05,847.85,24,33
LAURUSLABS,closed,2021-01-19,363.2,1,2021-04-05,373.75,1,76
LICHSGFIN,closed,2021-03-03,464.3,18,2021-04-20,382.55,32,48
ESCORTS,closed,2021-01-05,1313.2,5,2021-04-20,1210.6,23,105
GLENMARK,closed,2021-01-05,517.7,15,2021-04-20,571.6,18,105
ASHOKLEY,closed,2021-03-03,65.72,8,2021-04-20,56.43,10,48
ATUL,closed,2021-03-18,6619.7,18,2021-04-20,7591.75,22,33
CONCOR,closed,2021-04-05,462.88,22,2021-05-05,454.6,26,30
TIINDIA,closed,2021-01-05,821.0,9,2021-05-05,1247.35,4,120
CUMMINSIND,closed,2021-02-03,763.7,19,2021-05-05,852.25,11,91
HATSUN,closed,2021-02-17,694.31,16,2021-05-05,815.25,13,77
EMAMILTD,closed,2021-03-18,484.75,5,2021-05-20,499.95,10,63
JUBLPHARMA,closed,2021-04-05,712.7,8,2021-05-20,848.45,24,45
APOLLOHOSP,closed,2021-04-20,3269.65,8,2021-05-20,3219.95,11,30
RAMCOCEM,closed,2021-04-05,1009.9,19,2021-05-20,997.4,25,45
LAURUSLABS,closed,2021-04-20,443.25,1,2021-05-20,481.65,1,30
DALBHARAT,closed,2021-04-20,1447.35,5,2021-06-03,1788.1,4,44
GODREJIND,closed,2021-04-20,515.9,17,2021-06-03,527.1,24,44
GLENMARK,closed,2021-05-05,572.9,23,2021-06-03,616.45,28,29
DEEPAKNTR,closed,2021-01-05,1013.7,3,2021-06-03,1740.25,3,149
INDHOTEL,closed,2021-05-20,128.35,19,2021-06-17,129.8,28,28
DIXON,closed,2021-01-19,3054.15,2,2021-06-17,4299.15,2,149
LICHSGFIN,closed,2021-05-20,450.95,20,2021-07-01,470.25,21,42
BHEL,closed,2021-03-03,51.0,15,2021-07-01,64.95,18,120
LAURUSLABS,closed,2021-06-03,537.35,1,2021-07-01,666.5,1,28
EMAMILTD,closed,2021-06-03,548.6,6,2021-07-15,568.45,9,42
APOLLOHOSP,closed,2021-06-17,3240.6,10,2021-07-15,3762.35,5,28
RELAXO,closed,2021-06-17,1099.4,21,2021-07-15,1168.0,18,28
JKCEMENT,closed,2021-05-05,2775.15,7,2021-07-15,3219.35,11,71
HATSUN,closed,2021-05-20,844.84,15,2021-07-15,963.97,16,56
CUMMINSIND,closed,2021-06-03,809.05,13,2021-07-30,852.4,11,57
NATCOPHARM,closed,2021-07-01,1136.6,19,2021-07-30,1024.05,37,29
FEDERALBNK,closed,2021-05-05,80.05,21,2021-07-30,87.45,26,86
SUNDARMFIN,closed,2021-05-20,2426.9,21,2021-07-30,2608.05,12,71
INDHOTEL,closed,2021-07-01,141.25,22,2021-07-30,145.1,19,29
LICHSGFIN,closed,2021-07-15,470.0,21,2021-07-30,410.45,30,15
RAMCOCEM,closed,2021-07-15,1113.85,23,2021-07-30,1093.2,29,15
AJANTPHARM,closed,2021-07-15,1448.67,28,2021-08-13,1498.97,35,29
CRISIL,closed,2021-07-15,2695.7,30,2021-08-13,2543.6,29,29
ENDURANCE,closed,2021-01-05,1417.75,20,2021-08-13,1661.2,21,220
ATUL,closed,2021-05-05,8298.55,22,2021-08-13,8963.65,20,100
LAURUSLABS,closed,2021-07-30,641.5,1,2021-08-30,649.2,5,31
RELAXO,closed,2021-07-30,1150.0,15,2021-08-30,1176.9,12,31
CONCOR,closed,2021-08-13,532.88,16,2021-09-14,583.28,14,32
INDHOTEL,closed,2021-08-13,142.25,19,2021-09-14,153.9,23,32
DEEPAKNTR,closed,2021-07-01,1882.35,2,2021-09-14,2451.15,3,75
DIXON,closed,2021-07-30,4304.6,3,2021-09-14,4289.15,10,46
DALBHARAT,closed,2021-07-30,2139.1,4,2021-09-28,2032.2,4,60
CUMMINSIND,closed,2021-08-13,975.55,8,2021-09-28,1001.5,9,46
ABFRL,closed,2021-07-30,224.25,20,2021-09-28,223.5,21,60
MAXHEALTH,closed,2021-08-30,361.0,2,2021-09-28,369.7,1,29
ATUL,closed,2021-08-30,9153.3,21,2021-09-28,9349.2,30,29
FEDERALBNK,closed,2021-09-14,82.35,21,2021-10-12,88.6,25,28
NAM-INDIA,closed,2021-09-14,437.85,25,2021-10-12,449.55,28,28
APOLLOHOSP,closed,2021-07-30,4035.0,6,2021-10-12,4351.3,15,74
HATSUN,closed,2021-07-30,908.45,17,2021-10-12,1415.61,7,74
LAURUSLABS,closed,2021-09-14,651.15,6,2021-10-27,574.9,20,43
RELAXO,closed,2021-09-14,1205.85,15,2021-10-27,1326.85,12,43
ASHOKLEY,closed,2021-05-05,56.08,12,2021-10-27,70.93,16,175
NAVINFLUOR,closed,2021-06-03,3168.2,16,2021-10-27,3397.7,24,146
SCHAEFFLER,closed,2021-07-15,1084.85,33,2021-10-27,1439.09,11,104
JKCEMENT,closed,2021-09-28,3092.65,11,2021-11-11,3596.05,17,44
ABFRL,closed,2021-10-12,271.95,12,2021-11-11,300.45,13,30
CUMMINSIND,closed,2021-10-12,899.4,13,2021-11-11,917.2,12,30
TIINDIA,closed,2021-05-20,1183.3,3,2021-11-11,1711.1,5,175
SUNDARMFIN,closed,2021-08-13,2528.8,12,2021-11-11,2434.7,29,90
CONCOR,closed,2021-10-27,543.08,19,2021-11-26,483.2,22,30
ATUL,closed,2021-10-27,9668.6,26,2021-11-26,8295.0,35,30
FEDERALBNK,closed,2021-10-27,100.35,18,2021-11-26,88.7,24,30
HATSUN,closed,2021-11-11,1365.35,8,2021-11-26,1266.11,12,15
GODREJIND,closed,2021-11-11,632.75,21,2021-12-10,596.4,26,29
ASHOKLEY,closed,2021-11-11,73.2,22,2021-12-10,63.95,30,29
DIXON,closed,2021-09-28,4449.4,5,2021-12-10,5544.45,4,73
BHEL,closed,2021-09-28,60.35,17,2021-12-10,64.55,8,73
DEEPAKNTR,closed,2021-10-12,2850.85,1,2021-12-10,2352.9,2,59
MAXHEALTH,closed,2021-10-12,335.7,4,2021-12-10,381.55,1,59
PHOENIXLTD,closed,2021-10-27,478.75,23,2021-12-24,499.78,28,58
SCHAEFFLER,closed,2021-11-11,1609.02,9,2021-12-24,1708.59,6,43
INDHOTEL,closed,2021-09-28,187.35,12,2021-12-24,176.65,25,87
ENDURANCE,closed,2021-11-11,1916.45,20,2021-12-24,1604.15,27,43
DALBHARAT,closed,2021-11-26,1888.35,9,2021-12-24,1826.2,10,28
ABFRL,closed,2021-12-10,271.65,14,2022-01-07,292.05,,28
POLYCAB,closed,2021-03-18,1312.35,22,2022-01-07,2477.3,,295
AAVAS,closed,2021-04-05,2361.75,17,2022-01-07,2827.2,,277
CENTRALBK,closed,2021-10-27,22.85,9,2022-01-07,21.55,,72
APOLLOHOSP,closed,2021-10-27,4276.55,13,2022-01-07,5021.85,,72
TIINDIA,closed,2021-11-26,1588.3,7,2022-01-07,1777.25,,42
CRISIL,closed,2021-11-26,3131.4,21,2022-01-07,2846.65,,42
CUMMINSIND,closed,2021-12-10,973.1,12,2022-01-07,943.55,19,28
TRENT,closed,2021-12-10,690.63,22,2022-01-07,723.47,20,28
NAVINFLUOR,closed,2021-12-10,3956.4,23,2022-01-07,3990.7,,28
MAXHEALTH,closed,2021-12-24,413.8,1,2022-01-07,402.15,,14
DEEPAKNTR,closed,2021-12-24,2310.35,2,2022-01-07,2533.4,,14
DIXON,closed,2021-12-24,5423.4,7,2022-01-21,4979.25,,28
RELAXO,closed,2021-12-24,1243.6,13,2022-01-21,1316.25,,28
LAURUSLABS,closed,2021-11-26,523.2,10,2022-01-21,481.8,26,56
JKCEMENT,closed,2021-12-10,3416.75,16,2022-01-21,3397.9,20,42
ATUL,closed,2021-12-10,8904.05,25,2022-01-21,9672.55,22,42
FLUOROCHEM,closed,2022-01-07,2730.15,2,2022-01-21,2722.95,1,14
SCHAEFFLER,closed,2022-01-07,1878.49,11,2022-02-07,1786.66,9,31
RAMCOCEM,closed,2022-01-07,1028.35,29,2022-02-07,876.1,36,31
IEX,closed,2022-01-07,260.85,5,2022-02-07,225.65,6,31
GRINDWELL,closed,2022-01-07,1916.1,6,2022-02-07,1818.9,7,31
APLAPOLLO,closed,2022-01-07,926.8,9,2022-02-07,902.95,12,31
SOLARINDS,closed,2022-01-07,2346.9,10,2022-02-07,2339.7,11,31
TORNTPOWER,closed,2022-01-07,574.8,16,2022-02-07,524.1,15,31
TRIDENT,closed,2022-01-21,64.35,2,2022-02-07,61.6,3,17
TRENT,closed,2022-01-21,787.9,13,2022-02-21,690.23,17,31
VINATIORGA,closed,2022-01-07,2103.9,17,2022-02-21,1827.8,23,45
FEDERALBNK,closed,2022-01-07,91.35,26,2022-02-21,99.75,25,45
INDHOTEL,closed,2022-02-07,211.8,14,2022-02-21,204.95,14,14
ATUL,closed,2022-02-07,9268.1,23,2022-02-21,9203.85,20,14
SUNDARMFIN,closed,2022-02-07,2288.95,27,2022-02-21,2041.8,37,14
ENDURANCE,closed,2022-02-07,1573.7,30,2022-03-08,1111.15,41,29
BANKINDIA,closed,2022-02-07,57.75,34,2022-03-08,47.35,48,29
HATSUN,closed,2021-12-24,1274.7,9,2022-03-08,1037.44,16,74
OIL,closed,2022-01-07,142.7,12,2022-03-08,163.93,6,60
KPRMILL,closed,2022-01-21,706.7,4,2022-03-08,624.85,3,46
IEX,closed,2022-02-21,210.2,6,2022-03-08,214.2,5,15
GRINDWELL,closed,2022-02-21,1580.55,11,2022-03-23,1761.4,8,30
TORNTPOWER,closed,2022-02-21,477.65,19,2022-03-23,484.35,25,30
TATACHEM,closed,2022-01-07,927.2,13,2022-03-23,962.0,23,75
FLUOROCHEM,closed,2022-02-07,3089.85,1,2022-03-23,2935.05,1,44
LAURUSLABS,closed,2022-02-07,528.65,21,2022-03-23,605.8,12,44
SOLARINDS,closed,2022-02-21,2311.55,10,2022-03-23,2619.8,6,30
FEDERALBNK,closed,2022-03-08,89.65,25,2022-04-06,99.3,23,29
GLAXO,closed,2022-03-08,1492.0,27,2022-04-06,1631.15,27,29
CONCOR,closed,2022-03-08,455.56,28,2022-04-06,569.08,26,29
LINDEINDIA,closed,2022-01-21,2774.35,6,2022-04-06,3759.7,8,75
CUMMINSIND,closed,2022-03-08,945.45,22,2022-04-22,1060.7,25,45
HATSUN,closed,2022-03-23,1148.9,14,2022-04-22,1082.4,15,30
TANLA,closed,2022-01-21,1875.1,8,2022-04-22,1471.05,14,91
FLUOROCHEM,closed,2022-04-06,2834.1,1,2022-05-09,2437.75,2,33
TRIDENT,closed,2022-02-21,52.85,2,2022-05-09,48.75,1,77
APLAPOLLO,closed,2022-02-21,829.25,12,2022-05-09,893.75,16,77
TRENT,closed,2022-03-08,718.73,19,2022-05-09,735.9,13,62
KPRMILL,closed,2022-03-23,644.25,3,2022-05-09,603.95,7,47
IEX,closed,2022-03-23,228.8,5,2022-05-09,204.4,11,47
SCHAEFFLER,closed,2022-03-23,1868.0,10,2022-05-09,2193.2,6,47
SOLARINDS,closed,2022-04-06,2972.6,5,2022-05-09,2983.65,3,33
INDHOTEL,closed,2022-03-08,194.05,11,2022-05-23,231.3,6,76
VINATIORGA,closed,2022-03-23,1975.35,18,2022-05-23,2047.5,21,61
GRINDWELL,closed,2022-05-09,1747.8,10,2022-05-23,1774.95,11,14
GLAXO,closed,2022-05-09,1528.05,27,2022-05-23,1554.55,24,14
ATUL,closed,2022-05-09,8445.4,28,2022-05-23,8123.6,30,14
RECLTD,closed,2022-05-09,91.46,32,2022-05-23,89.25,37,14
CROMPTON,closed,2022-05-09,357.95,33,2022-06-06,364.1,31,28
SUPREMEIND,closed,2022-05-09,1925.55,35,2022-06-06,1876.55,34,28
NAM-INDIA,closed,2022-05-09,288.15,39,2022-06-06,283.8,41,28
ESCORTS,closed,2022-04-06,1889.4,16,2022-06-06,1595.25,14,61
LINDEINDIA,closed,2022-04-22,3471.5,11,2022-06-06,3023.3,6,45
LAURUSLABS,closed,2022-04-22,607.85,18,2022-06-06,551.45,26,45
TATACHEM,closed,2022-04-22,973.2,21,2022-06-06,946.6,15,45
FLUOROCHEM,closed,2022-05-23,2669.1,1,2022-06-06,2786.65,1,14
TANLA,closed,2022-05-23,1216.75,14,2022-06-20,993.65,12,28
FEDERALBNK,closed,2022-05-09,93.8,22,2022-06-20,84.8,22,42
HATSUN,closed,2022-05-23,873.65,25,2022-06-20,841.41,27,28
BAYERCROP,closed,2022-06-06,5313.8,27,2022-06-20,4731.2,31,14
ATUL,closed,2022-06-06,7928.0,29,2022-07-04,8090.65,29,28
CONCOR,closed,2022-06-06,509.12,30,2022-07-04,493.96,34,28
SYNGENE,closed,2022-06-06,533.2,32,2022-07-04,556.9,27,28
FORTIS,closed,2022-01-21,276.0,16,2022-07-04,241.5,25,164
CGPOWER,closed,2022-03-23,178.5,4,2022-07-04,186.95,2,103
TRIDENT,closed,2022-05-23,47.85,2,2022-07-04,38.3,3,42
FLUOROCHEM,closed,2022-06-20,2455.0,1,2022-07-18,3279.6,2,28
TORNTPOWER,closed,2022-06-20,453.6,23,2022-07-18,516.85,22,28
LINDEINDIA,closed,2022-07-04,3453.75,4,2022-08-01,3678.2,2,28
KPRMILL,closed,2022-05-23,570.1,7,2022-08-01,580.7,10,70
CUMMINSIND,closed,2022-05-23,1014.7,18,2022-08-16,1261.85,13,85
FEDERALBNK,closed,2022-07-04,95.2,18,2022-08-16,110.35,17,43
TRIDENT,closed,2022-07-18,38.0,4,2022-08-30,36.7,7,43
OIL,closed,2022-04-06,158.17,10,2022-08-30,128.53,23,146
TRENT,closed,2022-06-06,736.5,16,2022-08-30,938.17,11,85
LINDEINDIA,closed,2022-08-16,3367.65,7,2022-09-14,3414.8,13,29
KPRMILL,closed,2022-08-16,585.65,10,2022-09-14,601.55,14,29
IEX,closed,2022-06-06,175.25,12,2022-09-14,163.2,42,100
SCHAEFFLER,closed,2022-06-20,2183.0,3,2022-09-14,3625.45,2,86
TVSMOTOR,closed,2022-07-04,840.9,9,2022-09-14,1037.85,6,72
BAYERCROP,closed,2022-08-30,5448.9,26,2022-09-28,4825.2,30,29
BATAINDIA,closed,2022-02-07,1921.9,28,2022-09-28,1780.45,19,233
SOLARINDS,closed,2022-06-06,2789.4,8,2022-09-28,3647.6,6,114
TATACHEM,closed,2022-07-04,803.35,17,2022-09-28,1047.95,13,86
APLAPOLLO,closed,2022-07-04,835.15,22,2022-09-28,1023.75,16,86
CUMMINSIND,closed,2022-08-30,1192.6,19,2022-09-28,1177.4,14,29
CGPOWER,closed,2022-09-14,234.6,1,2022-10-13,256.65,2,29
CLEAN,closed,2022-09-14,1928.5,17,2022-10-13,1613.0,42,29
ATUL,closed,2022-09-14,9628.05,23,2022-10-13,8763.2,31,29
COROMANDEL,closed,2022-07-04,982.05,19,2022-10-13,969.9,16,101
FORTIS,closed,2022-07-18,268.3,18,2022-10-13,272.85,19,87
FLUOROCHEM,closed,2022-09-28,3878.7,1,2022-10-28,3900.25,1,30
3MINDIA,closed,2022-09-28,23876.7,22,2022-10-28,23040.4,32,30
SUPREMEIND,closed,2022-09-28,2114.0,24,2022-10-28,2037.35,35,30
VINATIORGA,closed,2022-06-06,2085.4,21,2022-10-28,1927.3,21,144
FEDERALBNK,closed,2022-09-28,111.85,11,2022-11-14,136.05,8,47
TRIDENT,closed,2022-10-13,36.05,17,2022-11-14,35.45,31,32
TORNTPOWER,closed,2022-08-30,582.15,17,2022-11-14,516.4,24,76
CONCOR,closed,2022-09-14,614.6,24,2022-11-14,610.36,19,61
BATAINDIA,closed,2022-10-13,1822.25,22,2022-11-14,1739.35,37,32
GLAXO,closed,2022-10-13,1378.15,23,2022-11-28,1329.25,40,46
SYNGENE,closed,2022-10-28,613.2,19,2022-11-28,602.6,22,31
TVSMOTOR,closed,2022-09-28,1021.25,4,2022-11-28,1060.5,6,61
FLUOROCHEM,closed,2022-11-14,3539.35,2,2022-12-12,3223.6,10,28
FORTIS,closed,2022-11-14,303.85,16,2022-12-12,287.9,21,28
KPRMILL,closed,2022-09-28,533.9,15,2022-12-12,514.9,26,75
SOLARINDS,closed,2022-10-13,3827.25,5,2022-12-12,4034.6,7,60
CUMMINSIND,closed,2022-10-13,1189.2,9,2022-12-12,1482.0,5,60
BANKINDIA,closed,2022-10-28,58.7,22,2022-12-26,87.45,2,59
TRENT,closed,2022-09-14,953.73,11,2022-12-26,905.0,11,103
LINDEINDIA,closed,2022-10-28,3060.05,12,2022-12-26,3366.15,9,59
TATACHEM,closed,2022-10-28,1131.95,17,2022-12-26,906.8,19,59
GICRE,closed,2022-11-14,137.25,23,2022-12-26,166.05,12,42
RECLTD,closed,2022-11-28,110.25,20,2022-12-26,114.0,15,28
CGPOWER,closed,2022-12-12,281.8,1,2023-01-09,289.45,,28
COROMANDEL,closed,2022-12-12,953.5,12,2023-01-09,899.05,16,28
INDHOTEL,closed,2022-08-01,270.45,6,2023-01-09,314.55,,161
GRINDWELL,closed,2022-08-01,1890.35,11,2023-01-09,1950.85,,161
VINATIORGA,closed,2022-11-14,2098.3,21,2023-01-09,2031.35,,56
SCHAEFFLER,closed,2022-11-28,2895.0,1,2023-01-09,2677.0,,42
OIL,closed,2022-11-28,135.17,24,2023-01-09,141.17,19,42
BAYERCROP,closed,2022-12-12,4789.0,23,2023-01-09,4719.15,25,28
FEDERALBNK,closed,2022-12-26,130.75,6,2023-01-09,135.65,,14
FLUOROCHEM,closed,2022-12-26,3020.25,10,2023-01-09,2888.5,,14
TORNTPOWER,closed,2022-12-26,489.85,28,2023-01-09,486.8,31,14
BATAINDIA,closed,2022-12-26,1622.9,31,2023-01-23,1571.3,,28
PFIZER,closed,2022-12-26,4326.05,32,2023-01-23,4107.65,,28
ENDURANCE,closed,2022-12-26,1373.85,34,2023-01-23,1437.9,,28
APLAPOLLO,closed,2022-12-12,1143.45,13,2023-02-07,1179.75,8,57
SUNDARMFIN,closed,2022-12-26,2298.9,20,2023-02-07,2321.7,22,43
TIMKEN,closed,2023-01-09,2984.25,7,2023-02-07,2909.9,5,29
BHEL,closed,2023-01-09,81.45,10,2023-02-07,75.1,10,29
UNOMINDA,closed,2023-01-09,534.15,26,2023-02-07,494.8,28,29
HDFCAMC,closed,2023-01-09,1086.05,30,2023-02-07,952.5,33,29
PERSISTENT,closed,2023-01-23,2296.57,17,2023-02-21,2484.0,13,29
JKCEMENT,closed,2023-01-23,2757.95,34,2023-02-21,2869.3,31,29
MAHABANK,closed,2023-01-09,31.05,4,2023-02-21,26.1,7,43
3MINDIA,closed,2023-01-09,22762.1,29,2023-02-21,22212.3,27,43
COROMANDEL,closed,2023-02-07,901.15,17,2023-02-21,902.4,20,14
TATACHEM,closed,2023-02-07,1030.95,19,2023-02-21,1000.25,21,14
OIL,closed,2023-02-07,150.0,24,2023-03-08,177.83,27,29
SYNGENE,closed,2023-02-07,550.95,25,2023-03-08,576.5,29,29
LICHSGFIN,closed,2023-02-07,376.1,26,2023-03-08,359.15,31,29
THERMAX,closed,2023-01-09,1959.1,20,2023-03-22,2307.75,18,72
APLAPOLLO,closed,2023-02-21,1275.0,3,2023-03-22,1189.5,11,29
SUPREMEIND,closed,2022-11-14,2420.55,22,2023-04-10,2586.4,8,147
RBLBANK,closed,2023-01-09,185.8,8,2023-04-10,143.9,24,91
SUMICHEM,closed,2023-01-09,481.4,13,2023-04-10,426.25,26,91
TORNTPOWER,closed,2023-01-23,491.0,30,2023-04-25,543.3,26,92
ADANIPOWER,closed,2023-02-07,34.65,2,2023-04-25,41.13,33,77
TATACHEM,closed,2023-03-22,961.5,24,2023-04-25,944.4,28,34
ESCORTS,closed,2022-06-20,1484.7,13,2023-04-25,1965.65,11,309
POONAWALLA,closed,2023-02-21,308.45,15,2023-04-25,316.45,25,63
PHOENIXLTD,closed,2023-03-08,662.18,11,2023-05-10,732.83,10,63
FACT,closed,2023-01-09,340.55,2,2023-05-10,313.5,1,121
BHEL,closed,2023-02-21,70.75,10,2023-05-10,80.6,5,78
MAHABANK,closed,2023-03-08,27.55,6,2023-05-24,29.35,2,77
3MINDIA,closed,2023-03-08,23627.3,23,2023-05-24,24283.2,13,77
JKCEMENT,closed,2023-03-22,2831.5,16,2023-05-24,2941.75,22,63
COROMANDEL,closed,2023-04-10,933.85,13,2023-05-24,922.15,35,44
OIL,closed,2023-04-25,169.07,22,2023-06-07,169.33,32,43
AIAENG,closed,2023-01-09,2537.9,9,2023-06-07,3142.55,10,149
SUNDARMFIN,closed,2023-02-21,2339.5,23,2023-06-07,2549.4,14,106
METROBRAND,closed,2023-04-25,850.7,3,2023-06-21,1018.7,4,57
PERSISTENT,closed,2023-04-25,2236.1,15,2023-06-21,2468.7,13,57
PHOENIXLTD,closed,2023-06-07,810.8,9,2023-07-06,784.53,23,29
LINDEINDIA,closed,2023-02-21,3745.05,8,2023-07-06,4372.2,22,135
ESCORTS,closed,2023-05-10,2047.55,11,2023-07-06,2243.05,12,57
POONAWALLA,closed,2023-05-10,323.15,18,2023-07-06,362.0,9,57
3MINDIA,closed,2023-06-07,26962.2,21,2023-07-20,28159.3,26,43
LTF,closed,2023-04-10,87.4,22,2023-07-20,131.15,7,101
BHEL,closed,2023-05-24,80.0,5,2023-07-20,95.75,4,57
TORNTPOWER,closed,2023-05-24,552.9,16,2023-07-20,614.55,25,57
SUNDARMFIN,closed,2023-06-21,2609.9,15,2023-08-03,2556.95,22,43
TIMKEN,closed,2023-02-21,3055.2,2,2023-08-03,3455.7,31,163
SYNGENE,closed,2023-05-24,708.8,18,2023-08-03,798.6,15,71
APLAPOLLO,closed,2023-06-21,1334.85,14,2023-08-03,1516.75,9,43
PERSISTENT,closed,2023-07-20,2521.88,10,2023-08-18,2425.85,17,29
IGL,closed,2023-04-10,234.45,11,2023-08-18,214.6,33,130
CENTRALBK,closed,2023-04-25,27.45,7,2023-08-18,35.1,5,115
FACT,closed,2023-05-24,303.35,1,2023-08-18,452.55,1,86
JKCEMENT,closed,2023-06-07,3283.1,11,2023-08-18,3076.95,25,72
MAHABANK,closed,2023-07-06,32.3,3,2023-08-18,38.45,3,43
AIAENG,closed,2023-07-06,3214.75,15,2023-09-01,3703.8,13,57
POONAWALLA,closed,2023-08-03,418.25,10,2023-09-01,409.8,17,29
SUPREMEIND,closed,2023-05-10,2755.55,9,2023-09-01,4395.75,3,114
PHOENIXLTD,closed,2023-07-20,818.68,18,2023-09-01,924.83,18,43
HDFCAMC,closed,2023-07-20,1260.08,21,2023-09-01,1215.63,26,43
LINDEINDIA,closed,2023-07-20,4593.95,22,2023-09-01,6549.35,5,43
DIXON,closed,2023-08-03,4443.35,23,2023-09-01,5057.25,23,29
3MINDIA,closed,2023-08-18,29126.7,18,2023-09-01,31151.3,16,14
THERMAX,closed,2023-08-18,2599.5,23,2023-09-01,2800.15,29,14
ZEEL,closed,2023-08-18,273.7,27,2023-09-15,274.15,36,28
UNOMINDA,closed,2023-08-18,625.75,28,2023-09-15,623.55,33,28
AUROPHARMA,closed,2023-07-06,761.3,14,2023-09-15,898.85,9,71
OBEROIRLTY,closed,2023-07-06,1040.05,18,2023-09-15,1173.9,29,71
ESCORTS,closed,2023-08-03,2549.5,12,2023-09-15,3151.95,12,43
SUNDARMFIN,closed,2023-08-18,2584.95,21,2023-09-15,2719.3,23,28
APLAPOLLO,closed,2023-09-01,1729.5,8,2023-09-15,1620.2,10,14
PERSISTENT,closed,2023-09-01,2771.65,11,2023-10-03,2864.03,10,32
JKCEMENT,closed,2023-09-01,3341.0,21,2023-10-03,3192.55,27,32
MFSL,closed,2023-09-01,937.25,24,2023-10-03,894.5,32,32
FACT,closed,2023-09-01,467.2,1,2023-10-03,532.2,1,32
MAHABANK,closed,2023-09-01,38.35,4,2023-10-03,49.5,2,32
CENTRALBK,closed,2023-09-01,34.95,7,2023-10-17,48.8,3,46
POONAWALLA,closed,2023-09-15,388.95,22,2023-10-17,378.1,32,32
SYNGENE,closed,2023-09-01,778.55,19,2023-10-17,779.4,19,46
AIAENG,closed,2023-09-15,3688.3,15,2023-10-17,3501.85,20,32
BHEL,closed,2023-08-03,100.75,5,2023-11-01,121.55,7,90
OIL,closed,2023-09-01,182.03,14,2023-11-01,201.13,11,61
OFSS,closed,2023-09-15,4298.95,16,2023-11-01,3916.05,21,47
HDFCAMC,closed,2023-09-15,1363.03,17,2023-11-01,1361.55,23,47
LTF,closed,2023-10-03,135.0,7,2023-11-01,131.85,9,29
THERMAX,closed,2023-10-17,3128.15,17,2023-11-15,2893.4,27,29
FACT,closed,2023-10-17,748.75,1,2023-11-15,733.65,1,29
AUROPHARMA,closed,2023-10-17,908.2,9,2023-11-15,966.9,3,29
AIAENG,closed,2023-11-01,3679.35,16,2023-11-30,3591.65,22,29
3MINDIA,closed,2023-11-01,30320.9,22,2023-11-30,31037.8,21,29
DIXON,closed,2023-11-01,5181.3,25,2023-11-30,5510.6,29,29
ESCORTS,closed,2023-10-03,3124.65,13,2023-12-14,3145.1,22,72
MAHABANK,closed,2023-10-17,47.55,2,2023-12-14,46.75,13,58
SONACOMS,closed,2023-11-15,588.25,24,2023-12-14,558.1,31,29
TORNTPOWER,closed,2023-08-18,629.95,30,2023-12-14,912.7,8,118
APLAPOLLO,closed,2023-10-03,1640.35,12,2023-12-14,1632.25,21,72
SUNDARMFIN,closed,2023-10-03,3148.3,18,2023-12-29,3508.3,22,87
MFSL,closed,2023-11-01,883.8,24,2023-12-29,954.3,30,58
PERSISTENT,closed,2023-11-15,3131.9,9,2024-01-12,3827.53,,58
AUROPHARMA,closed,2023-12-14,1045.35,2,2024-01-12,1094.85,,29
DIXON,closed,2023-12-14,6308.05,17,2024-01-12,6553.95,14,29
SUPREMEIND,closed,2023-09-15,4120.15,5,2024-01-12,4216.75,,119
LINDEINDIA,closed,2023-09-15,5922.0,8,2024-01-12,5541.9,,119
OBEROIRLTY,closed,2023-11-01,1164.7,20,2024-01-12,1540.8,,72
CENTRALBK,closed,2023-11-15,47.35,2,2024-01-12,51.9,,58
BHEL,closed,2023-11-30,170.45,3,2024-01-12,196.45,,43
FACT,closed,2023-12-14,779.1,1,2024-01-29,861.65,,46
3MINDIA,closed,2023-12-29,37309.1,14,2024-01-29,33724.1,26,31
RBLBANK,closed,2023-04-25,153.05,12,2024-01-29,255.05,24,279
METROBRAND,closed,2023-10-03,1265.4,19,2024-01-29,1151.15,34,118
ADANIPOWER,closed,2023-12-14,105.79,12,2024-01-29,114.09,7,46
POLICYBZR,closed,2024-01-12,852.05,10,2024-01-29,900.1,8,17
TNTELE,closed,2024-01-12,11.3,24,2024-02-12,16.7,13,31
FORTIS,closed,2024-01-12,421.2,25,2024-02-12,431.5,23,31
SONACOMS,closed,2024-01-12,605.35,26,2024-02-12,593.95,33,31
LTF,closed,2023-11-30,148.25,6,2024-02-12,166.75,16,74
NLCINDIA,closed,2024-01-29,251.0,3,2024-02-26,238.65,5,28
POONAWALLA,closed,2023-12-14,434.85,19,2024-02-26,472.85,25,74
RVNL,closed,2024-01-12,203.25,3,2024-02-26,266.95,1,45
ANGELONE,closed,2024-01-29,295.03,5,2024-03-11,267.45,9,42
THERMAX,closed,2024-02-12,3311.55,20,2024-03-11,3618.1,20,28
PHOENIXLTD,closed,2023-09-15,925.58,20,2024-03-11,1383.45,13,178
BDL,closed,2024-01-12,863.3,9,2024-03-11,884.3,15,59
SJVN,closed,2024-01-29,129.2,2,2024-03-11,119.9,2,42
KPITTECH,closed,2024-01-29,1407.15,9,2024-03-11,1475.5,16,42
NIACL,closed,2024-01-29,237.6,10,2024-03-11,251.3,7,42
DIXON,closed,2024-02-26,6945.25,8,2024-03-26,7245.65,8,29
POLICYBZR,closed,2024-02-26,1098.85,10,2024-03-26,1143.5,14,29
GLAXO,closed,2024-01-12,2257.0,13,2024-03-26,1921.5,26,74
HDFCAMC,closed,2024-01-12,1727.38,18,2024-03-26,1905.43,11,74
NLCINDIA,closed,2024-03-11,232.75,5,2024-03-26,215.0,5,15
CONCOR,closed,2024-03-11,764.6,21,2024-03-26,694.44,28,15
POONAWALLA,closed,2024-03-11,453.5,22,2024-03-26,478.3,20,15
FORTIS,closed,2024-03-11,412.7,25,2024-04-10,433.8,23,30
MAHABANK,closed,2023-12-29,45.15,18,2024-04-10,64.8,8,103
OFSS,closed,2024-01-12,4656.75,22,2024-04-10,8330.65,7,89
KALYANKJIL,closed,2024-02-12,363.9,2,2024-04-10,417.95,2,58
ADANIPOWER,closed,2024-02-12,112.37,4,2024-04-10,123.57,4,58
LTF,closed,2024-03-11,157.55,17,2024-04-10,169.05,15,30
RVNL,closed,2024-03-26,260.45,1,2024-04-10,260.15,3,15
OIL,closed,2023-11-30,203.47,16,2024-04-26,418.9,7,148
SONACOMS,closed,2024-03-11,701.35,23,2024-04-26,647.7,35,46
ANGELONE,closed,2024-03-26,272.21,7,2024-04-26,281.68,10,31
PHOENIXLTD,closed,2024-03-26,1351.3,13,2024-04-26,1545.55,11,31
GLAXO,closed,2024-04-10,1896.45,32,2024-05-13,1999.35,26,33
BDL,closed,2024-03-26,864.7,15,2024-05-13,915.35,17,48
NLCINDIA,closed,2024-04-10,240.75,5,2024-05-13,217.75,4,33
DIXON,closed,2024-04-10,7828.1,6,2024-05-13,8262.7,3,33
POLICYBZR,closed,2024-04-10,1331.6,13,2024-05-27,1252.2,15,47
POONAWALLA,closed,2024-04-10,494.7,22,2024-05-27,449.05,36,47
ACC,closed,2024-04-10,2524.7,31,2024-05-27,2585.1,30,47
ADANIPOWER,closed,2024-04-26,118.32,5,2024-05-27,140.97,6,31
OFSS,closed,2024-04-26,7490.6,12,2024-05-27,7597.55,13,31
AIAENG,closed,2024-05-13,3774.6,31,2024-06-10,3774.95,41,28
PETRONET,closed,2024-05-13,297.6,33,2024-06-10,302.75,33,28
RBLBANK,closed,2024-02-26,272.85,22,2024-06-10,253.0,28,105
HDFCAMC,closed,2024-04-10,1852.88,14,2024-06-10,1895.4,15,61
CONCOR,closed,2024-04-10,776.56,24,2024-06-10,843.96,25,61
MAHABANK,closed,2024-04-26,67.65,8,2024-06-10,66.18,12,45
VEDL,closed,2024-05-13,155.07,27,2024-06-25,170.06,24,43
FORTIS,closed,2024-05-27,454.95,25,2024-06-25,484.9,26,29
SJVN,closed,2024-03-26,121.4,2,2024-06-25,129.34,1,91
NIACL,closed,2024-03-26,225.8,12,2024-06-25,238.71,15,91
RVNL,closed,2024-04-26,289.9,3,2024-06-25,407.15,3,60
NLCINDIA,closed,2024-06-10,229.79,8,2024-07-09,263.48,11,29
ANGELONE,closed,2024-06-10,262.76,16,2024-07-09,224.21,38,29
SUNDARMFIN,closed,2024-03-11,3978.85,18,2024-07-09,4552.55,20,120
BDL,closed,2024-05-27,1544.85,4,2024-07-09,1681.25,5,43
KALYANKJIL,closed,2024-06-10,409.25,2,2024-07-09,496.85,3,29
ADANIPOWER,closed,2024-06-10,153.94,4,2024-07-09,144.99,6,29
OIL,closed,2024-06-10,404.83,7,2024-07-09,509.15,4,29
OFSS,closed,2024-06-10,8406.25,9,2024-07-24,11108.4,5,44
VOLTAS,closed,2024-06-25,1504.5,17,2024-07-24,1499.25,15,29
THERMAX,closed,2024-03-26,4101.75,18,2024-07-24,4940.05,13,120
ESCORTS,closed,2024-05-27,3855.0,17,2024-07-24,4145.8,19,58
VEDL,closed,2024-07-09,174.4,22,2024-07-24,162.06,25,15
3MINDIA,closed,2024-07-09,40020.6,27,2024-07-24,38406.0,32,15
FORTIS,closed,2024-07-09,455.3,29,2024-07-24,483.05,29,15
AIAENG,closed,2024-07-09,4407.3,31,2024-08-07,4471.0,33,29
LTF,closed,2024-07-09,184.01,32,2024-08-07,169.51,35,29
RBLBANK,closed,2024-07-09,246.45,33,2024-08-07,214.32,46,29
HDFCAMC,closed,2024-06-25,2056.8,12,2024-08-07,2034.73,20,43
KPITTECH,closed,2024-07-24,1853.85,20,2024-08-22,1832.4,25,29
POLICYBZR,closed,2024-06-25,1326.3,14,2024-08-22,1696.05,7,58
BDL,closed,2024-07-24,1428.75,8,2024-08-22,1304.45,9,29
ADANIPOWER,closed,2024-08-07,138.38,6,2024-09-05,128.77,15,29
NIACL,closed,2024-08-07,263.4,11,2024-09-05,264.45,11,29
THERMAX,closed,2024-08-07,4390.35,17,2024-09-05,4279.45,23,29
RVNL,closed,2024-07-09,542.75,1,2024-09-05,581.85,1,58
MAHABANK,closed,2024-06-25,64.98,11,2024-09-19,57.9,29,86
GLAXO,closed,2024-06-25,2641.6,19,2024-09-19,2698.35,16,86
VOLTAS,closed,2024-08-07,1469.8,16,2024-09-19,1929.2,7,43
HDFCAMC,closed,2024-08-22,2212.7,20,2024-09-19,2194.9,20,28
PETRONET,closed,2024-08-22,381.2,21,2024-09-19,322.85,27,28
APOLLOHOSP,closed,2024-09-05,6934.3,26,2024-09-19,7030.25,24,14
CONCOR,closed,2024-09-05,768.24,27,2024-10-04,704.84,35,29
LTF,closed,2024-09-05,170.55,29,2024-10-04,174.96,26,29
SJVN,closed,2024-07-24,144.48,4,2024-10-04,126.67,14,72
NLCINDIA,closed,2024-07-24,284.03,9,2024-10-04,276.35,9,72
POLICYBZR,closed,2024-09-19,1877.45,6,2024-10-04,1713.55,7,15
BDL,closed,2024-09-19,1121.3,8,2024-10-18,1129.85,7,29
VEDL,closed,2024-09-19,168.45,11,2024-10-18,180.09,9,29
KALYANKJIL,closed,2024-07-24,587.25,2,2024-10-18,718.95,4,86
THERMAX,closed,2024-09-19,5207.35,12,2024-11-01,4996.95,15,43
ABCAPITAL,closed,2024-10-04,227.83,31,2024-11-01,206.13,39,28
OIL,closed,2024-07-24,543.5,3,2024-11-01,473.0,5,100
DEEPAKNTR,closed,2024-09-05,2998.65,30,2024-11-01,2646.25,31,57
ANGELONE,closed,2024-09-19,252.44,23,2024-11-01,307.02,40,43
FEDERALBNK,closed,2024-10-04,193.67,30,2024-11-18,200.25,23,45
HONAUT,closed,2024-10-18,51677.45,30,2024-11-18,41615.1,36,31
PETRONET,closed,2024-10-04,357.85,22,2024-11-18,311.75,14,45
FLUOROCHEM,closed,2024-10-04,4065.3,29,2024-11-18,3997.55,21,45
POLICYBZR,closed,2024-10-18,1683.6,6,2024-11-18,1719.85,5,31
JSWINFRA,closed,2024-10-18,319.85,11,2024-12-03,321.7,17,46
RVNL,closed,2024-11-01,470.95,1,2024-12-03,437.75,3,32
VEDL,closed,2024-11-01,175.04,8,2024-12-03,175.41,9,32
SUNDARMFIN,closed,2024-07-24,4510.85,18,2024-12-03,4105.1,25,132
COROMANDEL,closed,2024-08-22,1781.55,22,2024-12-03,1777.5,15,103
APOLLOHOSP,closed,2024-10-18,6982.9,28,2024-12-03,7126.55,24,46
KALYANKJIL,closed,2024-11-18,668.25,7,2024-12-03,726.85,6,15
MFSL,closed,2024-11-18,1237.65,24,2024-12-17,1145.5,35,29
DEEPAKNTR,closed,2024-11-18,2569.3,29,2024-12-17,2662.65,30,29
OFSS,closed,2024-09-19,11043.95,5,2024-12-17,12430.05,1,89
VOLTAS,closed,2024-11-01,1642.85,9,2024-12-17,1769.65,7,46
LLOYDSME,closed,2024-11-01,978.1,13,2024-12-17,1153.75,9,46
BDL,closed,2024-11-18,939.65,10,2024-12-17,1280.35,10,29
ADANIPOWER,closed,2024-11-18,105.37,25,2024-12-17,104.92,39,29
GLAXO,closed,2024-12-03,2422.15,18,2025-01-01,2232.1,,29
MAHABANK,closed,2024-12-03,57.07,26,2025-01-01,52.59,,29
DIXON,closed,2024-05-27,9264.7,5,2025-01-01,17994.2,,219
UNOMINDA,closed,2024-05-27,837.2,27,2025-01-01,1058.85,,219
OIL,closed,2024-11-18,472.45,4,2025-01-01,437.1,,44
POLICYBZR,closed,2024-12-03,1926.25,5,2025-01-01,2119.2,,29
THERMAX,closed,2024-12-03,4822.15,12,2025-01-01,3933.45,19,29
VEDL,closed,2024-12-17,188.46,8,2025-01-01,166.46,,15
FLUOROCHEM,closed,2024-12-17,4376.15,19,2025-01-15,3744.9,26,29
NLCINDIA,closed,2024-12-17,254.05,22,2025-01-15,229.35,,29
FORTIS,closed,2024-12-03,700.25,11,2025-01-15,651.3,10,43
PETRONET,closed,2024-12-03,339.3,13,2025-01-15,326.3,13,43
FEDERALBNK,closed,2024-12-17,210.29,20,2025-01-15,194.14,20,29
BLUESTARCO,closed,2025-01-01,2259.8,3,2025-01-15,1917.8,3,14
PAGEIND,closed,2025-01-01,47788.3,25,2025-01-29,45190.35,19,28
SJVN,closed,2025-01-01,110.85,26,2025-01-29,91.4,44,28
HDFCAMC,closed,2024-12-17,2207.5,17,2025-01-29,1892.85,25,43
APOLLOHOSP,closed,2024-12-17,7218.75,24,2025-01-29,6784.3,27,43
COCHINSHIP,closed,2025-01-01,1567.0,4,2025-02-11,1326.45,6,41
HUDCO,closed,2025-01-15,214.97,7,2025-02-11,193.7,33,27
MPHASIS,closed,2025-01-15,2779.75,27,2025-02-11,2713.6,26,27
KAYNES,closed,2025-01-15,6565.15,2,2025-02-11,4096.45,7,27
THERMAX,closed,2025-01-15,4014.9,21,2025-02-11,3165.3,32,27
GVT&D,closed,2025-01-29,1641.35,1,2025-02-25,1434.15,1,27
BDL,closed,2025-01-29,1229.45,9,2025-02-25,1023.7,13,27
APARINDS,closed,2025-01-29,7282.0,17,2025-02-25,6342.15,26,27
PHOENIXLTD,closed,2024-05-13,1498.93,8,2025-02-25,1562.45,18,288
SUNDARMFIN,closed,2024-12-17,4442.15,26,2025-02-25,4479.6,21,70
CRISIL,closed,2025-01-01,6408.65,14,2025-02-25,4494.95,31,55
BIOCON,closed,2025-01-01,368.8,15,2025-02-25,321.2,11,55
FORTIS,closed,2025-01-29,628.55,8,2025-03-12,615.55,2,42
NYKAA,closed,2025-02-11,166.83,20,2025-03-12,164.34,21,29
KEI,closed,2025-02-11,3560.35,19,2025-03-12,3065.45,27,29
PAGEIND,closed,2025-02-25,41929.55,15,2025-03-12,40123.4,15,15
SCHAEFFLER,closed,2025-02-25,3114.05,19,2025-03-12,3308.75,13,15
APLAPOLLO,closed,2025-02-25,1464.65,24,2025-03-27,1531.1,28,30
BALKRISIND,closed,2025-02-11,2653.15,16,2025-03-27,2550.25,22,44
NAM-INDIA,closed,2025-02-11,540.85,21,2025-03-27,589.75,12,44
KAYNES,closed,2025-02-25,4272.75,4,2025-03-27,4803.65,3,30
IPCALAB,closed,2025-01-01,1692.95,12,2025-04-15,1368.0,20,104
JUBLFOOD,closed,2025-01-01,739.2,20,2025-04-15,701.0,4,104
FLUOROCHEM,closed,2025-02-25,3696.15,23,2025-04-15,3915.5,14,49
PETRONET,closed,2025-02-25,291.5,25,2025-04-30,313.75,26,64
GLENMARK,closed,2025-01-15,1477.25,8,2025-04-30,1381.2,7,105
HDFCAMC,closed,2025-02-25,1882.63,27,2025-05-15,2351.2,11,79
360ONE,closed,2025-01-15,1193.45,5,2025-05-15,1016.6,9,120
SUNDARMFIN,closed,2025-03-12,4658.4,17,2025-05-15,5080.5,20,64
HUDCO,closed,2025-03-12,181.19,26,2025-05-15,221.72,32,64
BALKRISIND,closed,2025-04-30,2675.1,14,2025-05-29,2488.0,41,29
COCHINSHIP,closed,2025-03-12,1282.25,6,2025-05-29,1979.2,25,78
BIOCON,closed,2025-03-12,325.1,11,2025-05-29,335.6,23,78
KAYNES,closed,2025-04-15,5520.9,1,2025-05-29,6027.0,2,44
BLUESTARCO,closed,2025-04-15,2023.6,6,2025-05-29,1551.1,28,44
MPHASIS,closed,2025-04-30,2469.0,20,2025-05-29,2566.4,22,29
GVT&D,closed,2025-03-27,1606.85,2,2025-06-12,2308.6,1,77
NYKAA,closed,2025-04-15,185.86,23,2025-06-12,194.49,20,58
FLUOROCHEM,closed,2025-05-15,3855.9,15,2025-06-12,3681.2,11,28
JUBLFOOD,closed,2025-05-15,683.75,6,2025-06-26,711.15,9,42
GLENMARK,closed,2025-05-15,1447.0,8,2025-06-26,1732.0,6,42
BERGEPAINT,closed,2025-05-29,561.2,17,2025-06-26,570.0,20,28
CRISIL,closed,2025-06-12,5527.0,7,2025-07-10,5921.0,7,28
PIIND,closed,2025-06-12,3948.3,24,2025-07-10,4041.9,24,28
BLUESTARCO,closed,2025-06-12,1622.1,25,2025-07-10,1796.7,25,28
BDL,closed,2025-03-27,1281.65,8,2025-07-10,1892.8,22,105
KAYNES,closed,2025-06-26,5769.0,3,2025-07-24,5660.5,6,28
MPHASIS,closed,2025-06-26,2802.5,16,2025-07-24,2653.5,34,28
360ONE,closed,2025-05-29,1025.05,10,2025-08-07,1065.4,24,70
BERGEPAINT,closed,2025-07-10,578.2,19,2025-08-07,545.95,28,28
FEDERALBNK,closed,2025-02-11,183.67,11,2025-08-07,198.63,26,177
APOLLOHOSP,closed,2025-03-12,6143.75,23,2025-08-07,7170.0,20,148
MRF,closed,2025-05-15,141140.0,24,2025-08-07,144265.0,23,84
IPCALAB,closed,2025-05-29,1470.0,18,2025-08-07,1391.5,19,70
TNTELE,closed,2025-07-10,24.44,1,2025-08-22,14.74,9,43
PAGEIND,closed,2025-03-27,43891.45,16,2025-08-22,45655.0,17,148
HDFCAMC,closed,2025-05-29,2422.45,9,2025-08-22,2914.0,4,85
APLAPOLLO,closed,2025-07-10,1719.2,21,2025-08-22,1649.5,8,43
BDL,closed,2025-07-24,1697.1,19,2025-08-22,1517.6,14,29
KAYNES,closed,2025-08-07,6089.0,5,2025-08-22,6209.0,10,15
CRISIL,closed,2025-08-07,5183.0,10,2025-08-22,5313.0,15,15
BLUESTARCO,closed,2025-08-07,1827.5,14,2025-08-22,1920.0,16,15
JUBLFOOD,closed,2025-08-07,635.7,18,2025-09-08,659.8,19,32
COROMANDEL,closed,2024-12-17,1817.15,18,2025-09-08,2185.2,7,265
NYKAA,closed,2025-07-24,215.62,12,2025-09-08,247.28,10,46
APARINDS,closed,2025-07-24,9146.0,22,2025-09-08,7822.0,34,46
SUNDARMFIN,closed,2025-08-22,5268.4,6,2025-09-08,4477.0,30,17
BIOCON,closed,2025-08-22,359.5,20,2025-09-08,364.15,20,17
IPCALAB,closed,2025-08-22,1418.4,21,2025-09-22,1399.3,28,31
360ONE,closed,2025-08-22,1077.6,24,2025-09-22,1050.4,26,31
FLUOROCHEM,closed,2025-08-07,3592.0,15,2025-10-07,3695.6,35,61
SAIL,closed,2025-09-08,131.45,22,2025-10-07,132.88,26,29
BLUESTARCO,closed,2025-09-08,1884.2,13,2025-10-07,1912.2,31,29
COCHINSHIP,closed,2025-09-22,1922.9,16,2025-10-21,1808.8,15,29
NAM-INDIA,closed,2025-05-29,732.85,14,2025-10-21,968.2,7,145
GLENMARK,closed,2025-07-10,1904.0,5,2025-10-21,1855.4,21,103
SCHAEFFLER,closed,2025-08-22,3947.6,22,2025-11-06,4122.0,16,76
ADANIPOWER,closed,2025-09-08,126.77,25,2025-11-06,153.17,8,59
GVT&D,closed,2025-06-26,2346.5,2,2025-11-06,3000.5,1,133
MRF,closed,2025-08-22,147505.0,18,2025-11-06,157255.0,9,76
NYKAA,closed,2025-10-07,262.4,5,2025-11-06,246.14,4,30
COROMANDEL,closed,2025-10-21,2179.0,8,2025-11-20,2264.4,8,30
IDFCFIRSTB,closed,2025-10-21,76.77,18,2025-11-20,78.93,13,30
BANKINDIA,closed,2025-08-22,115.46,26,2025-11-20,147.72,6,90
KAYNES,closed,2025-09-08,7041.5,3,2025-11-20,5967.5,26,73
BDL,closed,2025-09-08,1441.4,15,2025-11-20,1557.0,3,73
BERGEPAINT,closed,2025-11-06,544.45,30,2025-11-20,590.1,17,14
BLUESTARCO,closed,2025-11-06,1785.5,31,2025-11-20,1794.6,31,14
PAGEIND,closed,2025-11-06,39760.0,33,2025-12-04,37505.0,38,28
ASTRAL,closed,2025-11-06,1566.1,34,2025-12-04,1440.7,43,28
IPCALAB,closed,2025-11-06,1304.8,38,2025-12-04,1454.6,30,28
APLAPOLLO,closed,2025-10-21,1752.1,17,2025-12-04,1772.9,16,44
NYKAA,closed,2025-11-20,268.74,4,2025-12-18,244.1,3,28
COCHINSHIP,closed,2025-11-20,1724.7,10,2025-12-18,1506.1,25,28
SCHAEFFLER,closed,2025-11-20,4054.5,18,2025-12-18,3793.3,19,28
BIOCON,closed,2025-11-20,395.15,19,2026-01-02,392.95,25,43
IDFCFIRSTB,closed,2025-12-04,79.88,10,2026-01-02,85.92,,29
BLUESTARCO,closed,2025-12-04,1752.4,29,2026-01-02,1816.1,,29
FORTIS,closed,2025-03-27,671.8,5,2026-01-02,914.75,,281
ABCAPITAL,closed,2025-06-12,242.97,26,2026-01-02,361.25,,204
APOLLOHOSP,closed,2025-09-08,7786.5,12,2026-01-02,7129.5,30,116
360ONE,closed,2025-10-07,1069.4,19,2026-01-02,1200.1,33,87
GVT&D,closed,2025-11-20,3069.2,2,2026-01-02,3093.7,,43
TATACOMM,closed,2025-11-20,1917.4,25,2026-01-19,1762.0,26,60
MPHASIS,closed,2025-12-04,2908.4,27,2026-01-19,2889.8,29,46
COROMANDEL,closed,2025-12-18,2247.9,7,2026-02-02,2215.6,16,46
FEDERALBNK,closed,2025-09-08,190.62,23,2026-02-02,281.3,9,147
NAM-INDIA,closed,2025-11-20,885.8,9,2026-02-02,862.45,8,74
BDL,closed,2025-12-04,1528.0,5,2026-02-02,1326.2,24,60
BANKINDIA,closed,2025-12-18,142.3,8,2026-02-02,151.67,10,46
LAURUSLABS,closed,2026-01-02,1106.5,3,2026-02-02,953.95,5,31
MFSL,closed,2026-01-02,1671.0,8,2026-02-16,1848.3,5,45
GLENMARK,closed,2025-11-06,1810.4,23,2026-02-16,2030.5,14,102
SAIL,closed,2025-12-18,127.27,20,2026-02-16,159.58,12,60
HINDCOPPER,closed,2026-01-02,541.9,1,2026-02-16,574.4,1,45
MCX,closed,2026-01-02,2216.0,5,2026-02-16,2339.7,2,45
VMM,closed,2026-01-02,135.95,14,2026-03-02,117.23,26,59
MOTILALOFS,closed,2026-02-02,745.3,22,2026-03-02,717.5,25,28
PHOENIXLTD,closed,2026-02-02,1631.5,25,2026-03-02,1648.6,32,28
M&MFIN,closed,2026-01-19,360.6,13,2026-03-02,366.0,16,42
SUNDARMFIN,closed,2026-02-02,5358.5,19,2026-03-02,5301.0,27,28
COROMANDEL,closed,2026-02-16,2287.4,18,2026-03-17,2037.9,23,29
BANKINDIA,closed,2026-02-16,165.61,7,2026-03-17,151.38,8,29
GLENMARK,closed,2026-03-02,2123.3,10,2026-04-02,2091.8,6,31
BDL,closed,2026-03-02,1268.0,20,2026-04-02,1185.6,33,31
APOLLOHOSP,closed,2026-02-02,6933.5,27,2026-04-20,7657.0,31,77
AIIL,closed,2026-01-02,609.16,4,2026-04-20,466.5,11,108
FEDERALBNK,closed,2026-02-16,289.0,10,2026-04-20,294.35,10,63
LINDEINDIA,closed,2026-02-16,6768.0,24,2026-05-05,7494.5,20,78
MCX,closed,2026-03-02,2501.2,2,2026-05-05,2902.5,3,64
HDFCAMC,closed,2025-09-22,2913.75,5,2026-05-05,2806.3,12,225
APLAPOLLO,closed,2026-01-19,1919.7,15,2026-05-05,1870.6,21,106
MRF,closed,2026-02-02,133765.0,20,2026-05-05,128270.0,33,92
FACT,closed,2026-03-17,812.3,15,2026-05-05,903.7,16,49
NAM-INDIA,closed,2026-04-02,829.9,7,2026-05-19,1082.2,9,47
MAHABANK,closed,2026-01-02,63.93,17,2026-05-19,78.34,8,137
RBLBANK,closed,2026-02-02,296.95,3,2026-05-19,323.65,7,106
SCHAEFFLER,closed,2026-02-16,3797.2,20,2026-06-03,4049.9,24,107
FEDERALBNK,closed,2026-05-05,292.6,10,2026-06-03,301.05,9,29
VMM,closed,2026-05-05,125.08,19,2026-06-03,120.29,30,29
MFSL,closed,2026-03-02,1806.8,6,2026-06-03,1559.6,21,93
PHOENIXLTD,closed,2026-04-20,1767.9,22,2026-06-03,1710.4,20,44
AIIL,closed,2026-05-05,452.95,11,2026-06-17,548.75,15,43
SAIL,closed,2026-03-02,165.59,13,2026-06-17,179.58,9,107
M&MFIN,closed,2026-05-05,305.55,18,2026-06-17,297.5,22,43
OFSS,closed,2026-05-19,9646.0,20,2026-06-17,9444.5,25,29
NATIONALUM,open,2026-01-02,330.3,6,,339.6,,179
HINDCOPPER,open,2026-03-17,493.15,2,,501.1,,105
LAURUSLABS,open,2026-04-02,1042.9,5,,1517.4,,89
GLENMARK,open,2026-04-20,2230.7,9,,2204.3,,71
ALKEM,open,2026-04-20,5642.0,25,,5570.0,,71
MOTILALOFS,open,2026-05-05,843.7,14,,951.3,,56
BANKINDIA,open,2026-05-05,138.58,17,,140.4,,56
MCX,open,2026-05-19,3414.7,1,,2837.2,,42
APOLLOHOSP,open,2026-05-19,8026.0,18,,8682.0,,42
MAHABANK,open,2026-06-03,79.7,8,,91.44,,27
NAM-INDIA,open,2026-06-03,1077.8,10,,1162.0,,27
TATACOMM,open,2026-06-03,1933.7,15,,1970.6,,27
ATGL,open,2026-06-03,717.6,18,,731.55,,27
360ONE,open,2026-06-03,1072.5,19,,1074.6,,27
PHOENIXLTD,open,2026-06-17,1869.1,14,,1948.6,,13
HDFCAMC,open,2026-06-17,2711.1,21,,2653.2,,13
TIINDIA,open,2026-06-17,3267.7,23,,3029.3,,13
SCHAEFFLER,open,2026-06-17,4197.1,24,,4189.7,,13
